25F(p,2p)24O   1d5/2   Relativitic, Ta =277 MeV
1         20        20        20        20        0         0         0        
1.0       1.5       1.        0.1       130.      16.       16.       16.    
1.        1.        2.        2.5
25.       9.        1.0073    1.        277       60.       3.
                                                  1.25      -1.       0.85    
                                                                      EDAD2
24.       8.        1.0073    1.        0.        40.       3.
                                                  1.25      -1.       0.85    
                                                                      EDAD2
                    1.0073    1.        0.        40.       3.
                                                  1.25      -1.       0.85    
                                                                      EDAD2
                    1.                  14.26     0.        0.        6.    
1.27      1.27      0.67      0.67      0.        1.25      -1.       0.85    

250       40        -40       0         

