!Ogata ffP24O020DR.dat
!number of kinetic energy = 8
!nstep = 134
!step =   0.100000
!r origin =    0.000000E+00
8 134     0.100000   0.000000
 20.000000
(-4.9731948E+01, 8.0323657E-01) (-3.8917656E-01, -2.5882616E-02) 4.7912843E+00
(-4.9718909E+01, 8.0089371E-01) (-3.9772761E-01, -2.6373256E-02) 4.7925131E+00
(-4.9675465E+01, 7.9403005E-01) (-4.0627865E-01, -2.6863896E-02) 4.7912843E+00
(-4.9601551E+01, 7.8245596E-01) (-4.1779122E-01, -2.7562754E-02) 4.7875979E+00
(-4.9495762E+01, 7.6590620E-01) (-4.3347589E-01, -2.8524483E-02) 4.7814539E+00
(-4.9356119E+01, 7.4400452E-01) (-4.5377370E-01, -2.9771084E-02) 4.7728523E+00
(-4.9180065E+01, 7.1625911E-01) (-4.7903813E-01, -3.1321171E-02) 4.7617931E+00
(-4.8964455E+01, 6.8205717E-01) (-5.0963396E-01, -3.3194183E-02) 4.7482763E+00
(-4.8705548E+01, 6.4065903E-01) (-5.4595466E-01, -3.5410904E-02) 4.7323019E+00
(-4.8399016E+01, 5.9119249E-01) (-5.8841778E-01, -3.7992939E-02) 4.7138699E+00
(-4.8039960E+01, 5.3264791E-01) (-6.3744862E-01, -4.0961561E-02) 4.6929803E+00
(-4.7622941E+01, 4.6387541E-01) (-6.9345367E-01, -4.4336002E-02) 4.6696331E+00
(-4.7142058E+01, 3.8358505E-01) (-7.5678240E-01, -4.8131141E-02) 4.6438283E+00
(-4.6591060E+01, 2.9035187E-01) (-8.2767553E-01, -5.2354517E-02) 4.6155659E+00
(-4.5963538E+01, 1.8262727E-01) (-9.0619807E-01, -5.7002682E-02) 4.5848459E+00
(-4.5253205E+01, 5.8758867E-02) (-9.9215633E-01, -6.2056975E-02) 4.5516683E+00
(-4.4454312E+01, -8.2979357E-02) (-1.0850000E+00, -6.7478970E-02) 4.5160331E+00
(-4.3562238E+01, -2.4434479E-01) (-1.1837142E+00, -7.3206087E-02) 4.4779403E+00
(-4.2574261E+01, -4.2707029E-01) (-1.2867108E+00, -7.9148109E-02) 4.4373899E+00
(-4.1490539E+01, -6.3279353E-01) (-1.3917353E+00, -8.5185634E-02) 4.3943819E+00
(-4.0315235E+01, -8.6297055E-01) (-1.4958108E+00, -9.1171650E-02) 4.3489163E+00
(-3.9057626E+01, -1.1187718E+00) (-1.5952487E+00, -9.6937362E-02) 4.3009931E+00
(-3.7732953E+01, -1.4009574E+00) (-1.6857530E+00, -1.0230295E-01) 4.2506123E+00
(-3.6362588E+01, -1.7097240E+00) (-1.7626442E+00, -1.0709302E-01) 4.1977739E+00
(-3.4973096E+01, -2.0445136E+00) (-1.8212056E+00, -1.1115505E-01) 4.1424779E+00
(-3.3593820E+01, -2.4037698E+00) (-1.8571352E+00, -1.1437793E-01) 4.0847243E+00
(-3.2252972E+01, -2.7846297E+00) (-1.8670480E+00, -1.1670611E-01) 4.0245131E+00
(-3.0972737E+01, -3.1825569E+00) (-1.8489472E+00, -1.1814536E-01) 3.9618443E+00
(-2.9764465E+01, -3.5909448E+00) (-1.8025673E+00, -1.1875683E-01) 3.8967179E+00
(-2.8625411E+01, -4.0007671E+00) (-1.7295070E+00, -1.1863912E-01) 3.8291339E+00
(-2.7538286E+01, -4.4004004E+00) (-1.6331060E+00, -1.1790106E-01) 3.7590923E+00
(-2.6474211E+01, -4.7757774E+00) (-1.5180807E+00, -1.1663097E-01) 3.6865931E+00
(-2.5398512E+01, -5.1110251E+00) (-1.3899880E+00, -1.1486984E-01) 3.6116363E+00
(-2.4277879E+01, -5.3896726E+00) (-1.2546241E+00, -1.1259598E-01) 3.5342219E+00
(-2.3086979E+01, -5.5963723E+00) (-1.1174675E+00, -1.0972656E-01) 3.4543499E+00
(-2.1812908E+01, -5.7188973E+00) (-9.8325100E-01, -1.0613797E-01) 3.3720203E+00
(-2.0456583E+01, -5.7500048E+00) (-8.5571483E-01, -1.0170182E-01) 3.2872331E+00
(-1.9031545E+01, -5.6887063E+00) (-7.3744407E-01, -9.6327090E-02) 3.1999883E+00
(-1.7561035E+01, -5.5405512E+00) (-6.2997840E-01, -9.0000394E-02) 3.1135135E+00
(-1.6073209E+01, -5.3167160E+00) (-5.3412056E-01, -8.2810449E-02) 3.0315789E+00
(-1.4596894E+01, -5.0322586E+00) (-4.4996179E-01, -7.4945116E-02) 2.9538462E+00
(-1.3159029E+01, -4.7039962E+00) (-3.7700245E-01, -6.6668317E-02) 2.8800000E+00
(-1.1782464E+01, -4.3484293E+00) (-3.1442587E-01, -5.8282961E-02) 2.8097561E+00
(-1.0484764E+01, -3.9802204E+00) (-2.6123332E-01, -5.0088279E-02) 2.7428571E+00
(-9.2780175E+00, -3.6113767E+00) (-2.1635421E-01, -4.2343562E-02) 2.6790698E+00
(-8.1692146E+00, -3.2510742E+00) (-1.7872359E-01, -3.5244729E-02) 2.6181818E+00
(-7.1609814E+00, -2.9059118E+00) (-1.4733243E-01, -2.8915381E-02) 2.5600000E+00
(-6.2524544E+00, -2.5803656E+00) (-1.2125675E-01, -2.3410083E-02) 2.5043478E+00
(-5.4401575E+00, -2.2772651E+00) (-9.9671378E-02, -1.8725721E-02) 2.4510638E+00
(-4.7187955E+00, -1.9981990E+00) (-8.1853334E-02, -1.4816550E-02) 2.4000000E+00
(-4.0819247E+00, -1.7438202E+00) (-6.7178428E-02, -1.1609475E-02) 2.3510204E+00
(-3.5224878E+00, -1.5140669E+00) (-5.5114015E-02, -9.0173574E-03) 2.3040000E+00
(-3.0332216E+00, -1.3083241E+00) (-4.5209749E-02, -6.9493201E-03) 2.2588235E+00
(-2.6069527E+00, -1.1255509E+00) (-3.7087680E-02, -5.3179068E-03) 2.2153846E+00
(-2.2368013E+00, -9.6438926E-01) (-3.0432493E-02, -4.0434482E-03) 2.1735849E+00
(-1.9163114E+00, -8.2326194E-01) (-2.4982383E-02, -3.0562354E-03) 2.1333333E+00
(-1.6395257E+00, -7.0045960E-01) (-2.0520800E-02, -2.2971297E-03) 2.0945455E+00
(-1.4010192E+00, -5.9421759E-01) (-1.6869182E-02, -1.7171634E-03) 2.0571429E+00
(-1.1959045E+00, -5.0277966E-01) (-1.3880642E-02, -1.2765715E-03) 2.0210526E+00
(-1.0198161E+00, -4.2444803E-01) (-1.1434587E-02, -9.4356528E-04) 1.9862069E+00
(-8.6888266E-01, -3.5762003E-01) (-9.4321571E-03, -6.9305568E-04) 1.9525424E+00
(-7.3969146E-01, -3.0081234E-01) (-7.7924067E-03, -5.0544697E-04) 1.9200000E+00
(-6.2924935E-01, -2.5267469E-01) (-6.4491145E-03, -3.6556458E-04) 1.8885246E+00
(-5.3494224E-01, -2.1199496E-01) (-5.3481419E-03, -2.6174006E-04) 1.8580645E+00
(-4.5449547E-01, -1.7769796E-01) (-4.4452486E-03, -1.8505300E-04) 1.8285714E+00
(-3.8593594E-01, -1.4883947E-01) (-3.7042945E-03, -1.2871672E-04) 1.8000000E+00
(-3.2755683E-01, -1.2459746E-01) (-3.0957615E-03, -8.7588821E-05) 1.7723077E+00
(-2.7788518E-01, -1.0426144E-01) (-2.5955425E-03, -5.7786371E-05) 1.7454545E+00
(-2.3565249E-01, -8.7221156E-02) (-2.1839489E-03, -3.6386376E-05) 1.7194030E+00
(-1.9976836E-01, -7.2955246E-02) (-1.8448996E-03, -2.1194617E-05) 1.6941176E+00
(-1.6929704E-01, -6.1020271E-02) (-1.5652578E-03, -1.0568326E-05) 1.6695652E+00
(-1.4343664E-01, -5.1040509E-02) (-1.3342901E-03, -3.2808721E-06) 1.6457143E+00
(-1.2150094E-01, -4.2698641E-02) (-1.1432242E-03, 1.5810848E-06) 1.6225352E+00
(-1.0290334E-01, -3.5727394E-02) (-9.8488904E-04, 4.6955142E-06) 1.6000000E+00
(-8.7142975E-02, -2.9902156E-02) (-8.5342016E-04, 6.5639033E-06) 1.5780822E+00
(-7.3792605E-02, -2.5034518E-02) (-7.4402022E-04, 7.5556694E-06) 1.5567568E+00
(-6.2488105E-02, -2.0966682E-02) (-6.5276320E-04, 7.9415971E-06) 1.5360000E+00
(-5.2919408E-02, -1.7566649E-02) (-5.7643478E-04, 7.9189767E-06) 1.5157895E+00
(-4.4822675E-02, -1.4724112E-02) (-5.1240220E-04, 7.6304763E-06) 1.4961039E+00
(-3.7973567E-02, -1.2346957E-02) (-4.5850794E-04, 7.1782917E-06) 1.4769231E+00
(-3.2181454E-02, -1.0358310E-02) (-4.1298306E-04, 6.6347403E-06) 1.4582278E+00
(-2.7284446E-02, -8.6940388E-03) (-3.7437641E-04, 6.0501798E-06) 1.4400000E+00
(-2.3145147E-02, -7.3006531E-03) (-3.4149680E-04, 5.4589170E-06) 1.4222222E+00
(-1.9647003E-02, -6.1335457E-03) (-3.1336584E-04, 4.8836070E-06) 1.4048780E+00
(-1.6691197E-02, -5.1555170E-03) (-2.8917934E-04, 4.3385190E-06) 1.3879518E+00
(-1.4193986E-02, -4.3355415E-03) (-2.6827582E-04, 3.8319540E-06) 1.3714286E+00
(-1.2084434E-02, -3.6477393E-03) (-2.5011072E-04, 3.3680265E-06) 1.3552941E+00
(-1.0302483E-02, -3.0705166E-03) (-2.3423535E-04, 2.9479712E-06) 1.3395349E+00
(-8.7972970E-03, -2.5858513E-03) (-2.2027967E-04, 2.5710953E-06) 1.3241379E+00
(-7.5258715E-03, -2.1786958E-03) (-2.0793815E-04, 2.2354672E-06) 1.3090909E+00
(-6.4518343E-03, -1.8364819E-03) (-1.9695823E-04, 1.9384095E-06) 1.2943820E+00
(-5.5444355E-03, -1.5487072E-03) (-1.8713089E-04, 1.6768466E-06) 1.2800000E+00
(-4.7776864E-03, -1.3065914E-03) (-1.7828290E-04, 1.4475472E-06) 1.2659341E+00
(-4.1296294E-03, -1.1027907E-03) (-1.7027043E-04, 1.2472875E-06) 1.2521739E+00
(-3.5817179E-03, -9.3115900E-04) (-1.6297392E-04, 1.0729583E-06) 1.2387097E+00
(-3.1182912E-03, -7.8655062E-04) (-1.5629373E-04, 9.2163200E-07) 1.2255319E+00
(-2.7261285E-03, -6.6465460E-04) (-1.5014670E-04, 7.9059948E-07) 1.2126316E+00
(-2.3940720E-03, -5.6185757E-04) (-1.4446323E-04, 6.7738767E-07) 1.2000000E+00
(-2.1127071E-03, -4.7512915E-04) (-1.3918493E-04, 5.7976268E-07) 1.1876289E+00
(-1.8740917E-03, -4.0192654E-04) (-1.3426272E-04, 4.9572394E-07) 1.1755102E+00
(-1.6715274E-03, -3.4011486E-04) (-1.2965516E-04, 4.2349232E-07) 1.1636364E+00
(-1.4993661E-03, -2.8790081E-04) (-1.2532719E-04, 3.6149491E-07) 1.1520000E+00
(-1.3528457E-03, -2.4377716E-04) (-1.2124903E-04, 3.0834794E-07) 1.1405941E+00
(-1.2279522E-03, -2.0647647E-04) (-1.1739528E-04, 2.6283916E-07) 1.1294118E+00
(-1.1213024E-03, -1.7493239E-04) (-1.1374421E-04, 2.2391046E-07) 1.1184466E+00
(-1.0300456E-03, -1.4824733E-04) (-1.1027715E-04, 1.9064113E-07) 1.1076923E+00
(-9.5177958E-04, -1.2566531E-04) (-1.0697795E-04, 1.6223225E-07) 1.0971429E+00
(-8.8448051E-04, -1.0654937E-04) (-1.0383263E-04, 1.3799223E-07) 1.0867925E+00
(-8.2644348E-04, -9.0362577E-05) (-1.0082897E-04, 1.1732371E-07) 1.0766355E+00
(-7.7623233E-04, -7.6652073E-05) (-9.7956301E-05, 9.9711656E-08) 1.0666667E+00
(-7.3263731E-04, -6.5035776E-05) (-9.5205197E-05, 8.4712803E-08) 1.0568807E+00
(-6.9463943E-04, -5.5191164E-05) (-9.2567330E-05, 7.1946208E-08) 1.0472727E+00
(-6.6138037E-04, -4.6845883E-05) (-9.0035286E-05, 6.1084943E-08) 1.0378378E+00
(-6.3213711E-04, -3.9769850E-05) (-8.7602436E-05, 5.1848782E-08) 1.0285714E+00
(-6.0630057E-04, -3.3768616E-05) (-8.5262825E-05, 4.3997795E-08) 1.0194690E+00
(-5.8335760E-04, -2.8677789E-05) (-8.3011070E-05, 3.7326758E-08) 1.0105263E+00
(-5.6287580E-04, -2.4358336E-05) (-8.0842291E-05, 3.1660296E-08) 1.0017391E+00
(-5.4449075E-04, -2.0692631E-05) (-7.8752037E-05, 2.6848666E-08) 9.9310345E-01
(-5.2789526E-04, -1.7581127E-05) (-7.6736235E-05, 2.2764104E-08) 9.8461538E-01
(-5.1283028E-04, -1.4939548E-05) (-7.4791140E-05, 1.9297679E-08) 9.7627119E-01
(-4.9907728E-04, -1.2696530E-05) (-7.2913299E-05, 1.6356574E-08) 9.6806723E-01
(-4.8645187E-04, -1.0791617E-05) (-7.1099512E-05, 1.3861747E-08) 9.6000000E-01
(-4.7479832E-04, -9.1735891E-06) (-6.9346810E-05, 1.1745924E-08) 9.5206612E-01
(-4.6398509E-04, -7.7990314E-06) (-6.7652423E-05, 9.9518710E-09) 9.4426230E-01
(-4.5390095E-04, -6.6311406E-06) (-6.6013765E-05, 8.4309239E-09) 9.3658537E-01
(-4.4445178E-04, -5.6387082E-06) (-6.4428412E-05, 7.1417167E-09) 9.2903226E-01
(-4.3555787E-04, -4.7952647E-06) (-6.2894090E-05, 6.0491025E-09) 9.2160000E-01
(-4.2715164E-04, -4.0783547E-06) (-6.1408658E-05, 5.1232287E-09) 9.1428571E-01
(-4.1917569E-04, -3.4689242E-06) (-5.9970099E-05, 4.3387473E-09) 9.0708661E-01
(-4.1158126E-04, -2.9508024E-06) (-5.8576505E-05, 3.6741415E-09) 9.0000000E-01
(-4.0432679E-04, -2.5102622E-06) (-5.7226076E-05, 3.1111519E-09) 8.9302326E-01
(-3.9737685E-04, -2.1356494E-06) (-5.5917103E-05, 2.6342868E-09) 8.8615385E-01
(-3.9070114E-04, -1.8170675E-06) (-5.4647966E-05, 2.2304058E-09) 8.7938931E-01
(-3.8427371E-04, -1.5461117E-06) (-5.3417129E-05, 1.8883655E-09) 8.7272727E-01
 50.000000
(-3.8322955E+01, -2.9029090E+00) (-3.6590341E-01, 4.0821835E-03) 4.7912843E+00
(-3.8312545E+01, -2.9030722E+00) (-3.7383878E-01, 4.1620877E-03) 4.7925131E+00
(-3.8277359E+01, -2.9036194E+00) (-3.8177414E-01, 4.2419918E-03) 4.7912843E+00
(-3.8217454E+01, -2.9045739E+00) (-3.9243050E-01, 4.3608317E-03) 4.7875979E+00
(-3.8131753E+01, -2.9059873E+00) (-4.0693613E-01, 4.5260296E-03) 4.7814539E+00
(-3.8018743E+01, -2.9079354E+00) (-4.2569514E-01, 4.7413302E-03) 4.7728523E+00
(-3.7876472E+01, -2.9105217E+00) (-4.4902698E-01, 5.0103379E-03) 4.7617931E+00
(-3.7702545E+01, -2.9138821E+00) (-4.7725872E-01, 5.3370604E-03) 4.7482763E+00
(-3.7494126E+01, -2.9181919E+00) (-5.1074116E-01, 5.7259829E-03) 4.7323019E+00
(-3.7247944E+01, -2.9236731E+00) (-5.4984438E-01, 6.1820005E-03) 4.7138699E+00
(-3.6960313E+01, -2.9306049E+00) (-5.9494262E-01, 6.7102620E-03) 4.6929803E+00
(-3.6627161E+01, -2.9393360E+00) (-6.4638965E-01, 7.3159245E-03) 4.6696331E+00
(-3.6244094E+01, -2.9502992E+00) (-7.0448383E-01, 8.0038022E-03) 4.6438283E+00
(-3.5806487E+01, -2.9640288E+00) (-7.6942112E-01, 8.7778925E-03) 4.6155659E+00
(-3.5309632E+01, -2.9811812E+00) (-8.4123457E-01, 9.6407621E-03) 4.5848459E+00
(-3.4748958E+01, -3.0025570E+00) (-9.1972000E-01, 1.0592790E-02) 4.5516683E+00
(-3.4120346E+01, -3.0291254E+00) (-1.0043489E+00, 1.1631277E-02) 4.5160331E+00
(-3.3420580E+01, -3.0620478E+00) (-1.0941733E+00, 1.2749468E-02) 4.4779403E+00
(-3.2647935E+01, -3.1026984E+00) (-1.1877311E+00, 1.3935553E-02) 4.4373899E+00
(-3.1802917E+01, -3.1526763E+00) (-1.2829661E+00, 1.5171784E-02) 4.3943819E+00
(-3.0889115E+01, -3.2138024E+00) (-1.3771827E+00, 1.6433835E-02) 4.3489163E+00
(-2.9914035E+01, -3.2880907E+00) (-1.4670595E+00, 1.7690578E-02) 4.3009931E+00
(-2.8889733E+01, -3.3776812E+00) (-1.5487467E+00, 1.8904394E-02) 4.2506123E+00
(-2.7832924E+01, -3.4847200E+00) (-1.6180669E+00, 2.0032081E-02) 4.1977739E+00
(-2.6764246E+01, -3.6111684E+00) (-1.6708230E+00, 2.1026266E-02) 4.1424779E+00
(-2.5706408E+01, -3.7585294E+00) (-1.7031950E+00, 2.1837176E-02) 4.0847243E+00
(-2.4681207E+01, -3.9274821E+00) (-1.7121795E+00, 2.2414558E-02) 4.0245131E+00
(-2.3705803E+01, -4.1174304E+00) (-1.6959993E+00, 2.2709677E-02) 3.9618443E+00
(-2.2789063E+01, -4.3259954E+00) (-1.6544025E+00, 2.2677604E-02) 3.8967179E+00
(-2.1929061E+01, -4.5485130E+00) (-1.5887783E+00, 2.2280300E-02) 3.8291339E+00
(-2.1112689E+01, -4.7776373E+00) (-1.5020530E+00, 2.1491159E-02) 3.7590923E+00
(-2.0317817E+01, -5.0031904E+00) (-1.3983773E+00, 2.0301301E-02) 3.6865931E+00
(-1.9517604E+01, -5.2124129E+00) (-1.2826636E+00, 1.8727016E-02) 3.6116363E+00
(-1.8685880E+01, -5.3907397E+00) (-1.1600633E+00, 1.6816401E-02) 3.5342219E+00
(-1.7802179E+01, -5.5231296E+00) (-1.0354791E+00, 1.4652247E-02) 3.4543499E+00
(-1.6855222E+01, -5.5958256E+00) (-9.1318324E-01, 1.2348198E-02) 3.3720203E+00
(-1.5844125E+01, -5.5982458E+00) (-7.9659189E-01, 1.0036917E-02) 3.2872331E+00
(-1.4777699E+01, -5.5245933E+00) (-6.8810393E-01, 7.8517821E-03) 3.1999883E+00
(-1.3672497E+01, -5.3747772E+00) (-5.8918976E-01, 5.9068127E-03) 3.1135135E+00
(-1.2549168E+01, -5.1544375E+00) (-5.0066579E-01, 4.2803485E-03) 3.0315789E+00
(-1.1429230E+01, -4.8740596E+00) (-4.2269845E-01, 3.0068289E-03) 2.9538462E+00
(-1.0333226E+01, -4.5474080E+00) (-3.5490211E-01, 2.0784746E-03) 2.8800000E+00
(-9.2789764E+00, -4.1897146E+00) (-2.9658855E-01, 1.4548859E-03) 2.8097561E+00
(-8.2805366E+00, -3.8159862E+00) (-2.4688825E-01, 1.0765101E-03) 2.7428571E+00
(-7.3479400E+00, -3.4397018E+00) (-2.0485187E-01, 8.7795805E-04) 2.6790698E+00
(-6.4873865E+00, -3.0720119E+00) (-1.6952339E-01, 7.9830428E-04) 2.6181818E+00
(-5.7017197E+00, -2.7214142E+00) (-1.3998867E-01, 7.8724229E-04) 2.5600000E+00
(-4.9910388E+00, -2.3938031E+00) (-1.1540467E-01, 8.0738570E-04) 2.5043478E+00
(-4.3533375E+00, -2.0927578E+00) (-9.5014299E-02, 8.3377558E-04) 2.4510638E+00
(-3.7850983E+00, -1.8199512E+00) (-7.8151133E-02, 8.5181474E-04) 2.4000000E+00
(-3.2818060E+00, -1.5755874E+00) (-6.4237594E-02, 8.5463831E-04) 2.3510204E+00
(-2.8383676E+00, -1.3588109E+00) (-5.2779166E-02, 8.4058370E-04) 2.3040000E+00
(-2.4494387E+00, -1.1680565E+00) (-4.3356503E-02, 8.1109889E-04) 2.2588235E+00
(-2.1096660E+00, -1.0013316E+00) (-3.5616733E-02, 7.6919230E-04) 2.2153846E+00
(-1.8138593E+00, -8.5643035E-01) (-2.9264733E-02, 7.1838999E-04) 2.1735849E+00
(-1.5571050E+00, -7.3108949E-01) (-2.4054898E-02, 6.6210301E-04) 2.1333333E+00
(-1.3348362E+00, -6.2309518E-01) (-1.9783635E-02, 6.0329428E-04) 2.0945455E+00
(-1.1428683E+00, -5.3035219E-01) (-1.6282712E-02, 5.4434569E-04) 2.0571429E+00
(-9.7741092E-01, -4.5092430E-01) (-1.3413470E-02, 4.8704748E-04) 2.0210526E+00
(-8.3506277E-01, -3.8305415E-01) (-1.1061848E-02, 4.3265404E-04) 1.9862069E+00
(-7.1279468E-01, -3.2516878E-01) (-9.1341741E-03, 3.8196916E-04) 1.9525424E+00
(-6.0792630E-01, -2.7587555E-01) (-7.5536111E-03, 3.3543815E-04) 1.9200000E+00
(-5.1809851E-01, -2.3395223E-01) (-6.2571935E-03, 2.9323437E-04) 1.8885246E+00
(-4.4124435E-01, -1.9833360E-01) (-5.1933592E-03, 2.5533409E-04) 1.8580645E+00
(-3.7555985E-01, -1.6809663E-01) (-4.3199064E-03, 2.2157796E-04) 1.8285714E+00
(-3.1947579E-01, -1.4244514E-01) (-3.6023068E-03, 1.9171930E-04) 1.8000000E+00
(-2.7163107E-01, -1.2069500E-01) (-3.0123171E-03, 1.6546081E-04) 1.7723077E+00
(-2.3084812E-01, -1.0226019E-01) (-2.5268374E-03, 1.4248143E-04) 1.7454545E+00
(-1.9611032E-01, -8.6640012E-02) (-2.1269755E-03, 1.2245549E-04) 1.7194030E+00
(-1.6654177E-01, -7.3407522E-02) (-1.7972794E-03, 1.0506559E-04) 1.6941176E+00
(-1.4138905E-01, -6.2199322E-02) (-1.5251095E-03, 9.0010979E-05) 1.6695652E+00
(-1.2000515E-01, -5.2706512E-02) (-1.3001250E-03, 7.7012480E-05) 1.6457143E+00
(-1.0183516E-01, -4.4666812E-02) (-1.1138643E-03, 6.5814951E-05) 1.6225352E+00
(-8.6403756E-02, -3.7857725E-02) (-9.5940128E-04, 5.6188046E-05) 1.6000000E+00
(-7.3304264E-02, -3.2090637E-02) (-8.3106523E-04, 4.7925823E-05) 1.5780822E+00
(-6.2189087E-02, -2.7205743E-02) (-7.2421184E-04, 4.0845600E-05) 1.5567568E+00
(-5.2761401E-02, -2.3067707E-02) (-6.3503598E-04, 3.4786374E-05) 1.5360000E+00
(-4.4767964E-02, -1.9561948E-02) (-5.6041886E-04, 2.9607010E-05) 1.5157895E+00
(-3.7992882E-02, -1.6591481E-02) (-4.9780320E-04, 2.5184345E-05) 1.4961039E+00
(-3.2252240E-02, -1.4074226E-02) (-4.4509113E-04, 2.1411306E-05) 1.4769231E+00
(-2.7389470E-02, -1.1940724E-02) (-4.0056087E-04, 1.8195108E-05) 1.4582278E+00
(-2.3271374E-02, -1.0132194E-02) (-3.6279856E-04, 1.5455572E-05) 1.4400000E+00
(-1.9784695E-02, -8.5988964E-03) (-3.3064251E-04, 1.3123577E-05) 1.4222222E+00
(-1.6833196E-02, -7.2987357E-03) (-3.0313767E-04, 1.1139657E-05) 1.4048780E+00
(-1.4335137E-02, -6.1960851E-03) (-2.7949835E-04, 9.4527430E-06) 1.3879518E+00
(-1.2221129E-02, -5.2607885E-03) (-2.5907773E-04, 8.0190500E-06) 1.3714286E+00
(-1.0432295E-02, -4.4673171E-03) (-2.4134290E-04, 6.8010859E-06) 1.3552941E+00
(-8.9186994E-03, -3.7940569E-03) (-2.2585441E-04, 5.7667880E-06) 1.3395349E+00
(-7.6380075E-03, -3.2227050E-03) (-2.1224959E-04, 4.8887657E-06) 1.3241379E+00
(-6.5543438E-03, -2.7377600E-03) (-2.0022876E-04, 4.1436417E-06) 1.3090909E+00
(-5.6373168E-03, -2.3260911E-03) (-1.8954410E-04, 3.5114816E-06) 1.2943820E+00
(-4.8611907E-03, -1.9765736E-03) (-1.7999034E-04, 2.9752988E-06) 1.2800000E+00
(-4.2041792E-03, -1.6797804E-03) (-1.7139729E-04, 2.5206291E-06) 1.2659341E+00
(-3.6478456E-03, -1.4277220E-03) (-1.6362359E-04, 2.1351634E-06) 1.2521739E+00
(-3.1765924E-03, -1.2136257E-03) (-1.5655166E-04, 1.8084323E-06) 1.2387097E+00
(-2.7772281E-03, -1.0317493E-03) (-1.5008350E-04, 1.5315356E-06) 1.2255319E+00
(-2.4385990E-03, -8.7722367E-04) (-1.4413730E-04, 1.2969103E-06) 1.2126316E+00
(-2.1512769E-03, -7.4591886E-04) (-1.3864456E-04, 1.0981327E-06) 1.2000000E+00
(-1.9072942E-03, -6.3433163E-04) (-1.3354784E-04, 9.2974829E-07) 1.1876289E+00
(-1.6999192E-03, -5.3948967E-04) (-1.2879884E-04, 7.8712741E-07) 1.1755102E+00
(-1.5234655E-03, -4.5887075E-04) (-1.2435677E-04, 6.6634157E-07) 1.1636364E+00
(-1.3731308E-03, -3.9033422E-04) (-1.2018716E-04, 5.6405819E-07) 1.1520000E+00
(-1.2448601E-03, -3.3206296E-04) (-1.1626071E-04, 4.7745090E-07) 1.1405941E+00
(-1.1352303E-03, -2.8251429E-04) (-1.1255248E-04, 4.0412325E-07) 1.1294118E+00
(-1.0413516E-03, -2.4037827E-04) (-1.0904110E-04, 3.4204370E-07) 1.1184466E+00
(-9.6078546E-04, -2.0454247E-04) (-1.0570825E-04, 2.8949037E-07) 1.1076923E+00
(-8.9147381E-04, -1.7406201E-04) (-1.0253809E-04, 2.4500415E-07) 1.0971429E+00
(-8.3168021E-04, -1.4813425E-04) (-9.9516902E-05, 2.0734875E-07) 1.0867925E+00
(-7.7993960E-04, -1.2607726E-04) (-9.6632745E-05, 1.7547683E-07) 1.0766355E+00
(-7.3501594E-04, -1.0731160E-04) (-9.3875158E-05, 1.4850128E-07) 1.0666667E+00
(-6.9586653E-04, -9.1344848E-05) (-9.1234944E-05, 1.2567072E-07) 1.0568807E+00
(-6.6161169E-04, -7.7758504E-05) (-8.8703970E-05, 1.0634889E-07) 1.0472727E+00
(-6.3150934E-04, -6.6196821E-05) (-8.6275007E-05, 8.9997016E-08) 1.0378378E+00
(-6.0493340E-04, -5.6357375E-05) (-8.3941601E-05, 7.6158914E-08) 1.0285714E+00
(-5.8135562E-04, -4.7983045E-05) (-8.1697957E-05, 6.4448383E-08) 1.0194690E+00
(-5.6033026E-04, -4.0855201E-05) (-7.9538847E-05, 5.4538480E-08) 1.0105263E+00
(-5.4148113E-04, -3.4787923E-05) (-7.7459533E-05, 4.6152450E-08) 1.0017391E+00
(-5.2449066E-04, -2.9623091E-05) (-7.5455702E-05, 3.9056036E-08) 9.9310345E-01
(-5.0909071E-04, -2.5226220E-05) (-7.3523408E-05, 3.3050963E-08) 9.8461538E-01
(-4.9505478E-04, -2.1482908E-05) (-7.1659030E-05, 2.7969418E-08) 9.7627119E-01
(-4.8219150E-04, -1.8295839E-05) (-6.9859229E-05, 2.3669380E-08) 9.6806723E-01
(-4.7033907E-04, -1.5582215E-05) (-6.8120917E-05, 2.0030656E-08) 9.6000000E-01
(-4.5936064E-04, -1.3271590E-05) (-6.6441227E-05, 1.6951533E-08) 9.5206612E-01
(-4.4914038E-04, -1.1304021E-05) (-6.4817489E-05, 1.4345937E-08) 9.4426230E-01
(-4.3958017E-04, -9.6284970E-06) (-6.3247211E-05, 1.2141032E-08) 9.3658537E-01
(-4.3059681E-04, -8.2016079E-06) (-6.1728061E-05, 1.0275182E-08) 9.2903226E-01
(-4.2211970E-04, -6.9864064E-06) (-6.0257850E-05, 8.6962340E-09) 9.2160000E-01
(-4.1408886E-04, -5.9514455E-06) (-5.8834517E-05, 7.3600564E-09) 9.1428571E-01
(-4.0645324E-04, -5.0699571E-06) (-5.7456124E-05, 6.2293071E-09) 9.0708661E-01
(-3.9916936E-04, -4.3191550E-06) (-5.6120838E-05, 5.2723887E-09) 9.0000000E-01
(-3.9220009E-04, -3.6796411E-06) (-5.4826929E-05, 4.4625650E-09) 8.9302326E-01
(-3.8551369E-04, -3.1349009E-06) (-5.3572757E-05, 3.7772131E-09) 8.8615385E-01
(-3.7908294E-04, -2.6708740E-06) (-5.2356766E-05, 3.1971908E-09) 8.7938931E-01
(-3.7288448E-04, -2.2755885E-06) (-5.1177480E-05, 2.7063007E-09) 8.7272727E-01
100.000000
(-2.3384376E+01, -9.6161079E+00) (-3.6346293E-01, 4.0855735E-02) 4.7912843E+00
(-2.3377051E+01, -9.6135468E+00) (-3.7082167E-01, 4.1550058E-02) 4.7925131E+00
(-2.3351266E+01, -9.6062295E+00) (-3.7818041E-01, 4.2244381E-02) 4.7912843E+00
(-2.3307374E+01, -9.5939604E+00) (-3.8811152E-01, 4.3274570E-02) 4.7875979E+00
(-2.3244761E+01, -9.5765380E+00) (-4.0162638E-01, 4.4701745E-02) 4.7814539E+00
(-2.3162575E+01, -9.5536822E+00) (-4.1907392E-01, 4.6552910E-02) 4.7728523E+00
(-2.3059731E+01, -9.5250365E+00) (-4.4072007E-01, 4.8851977E-02) 4.7617931E+00
(-2.2934924E+01, -9.4901721E+00) (-4.6682989E-01, 5.1624162E-02) 4.7482763E+00
(-2.2786641E+01, -9.4485950E+00) (-4.9768056E-01, 5.4896281E-02) 4.7323019E+00
(-2.2613183E+01, -9.3997558E+00) (-5.3355553E-01, 5.8695806E-02) 4.7138699E+00
(-2.2412702E+01, -9.3430652E+00) (-5.7472904E-01, 6.3049159E-02) 4.6929803E+00
(-2.2183235E+01, -9.2779151E+00) (-6.2144219E-01, 6.7979277E-02) 4.6696331E+00
(-2.1922773E+01, -9.2037081E+00) (-6.7387021E-01, 7.3502410E-02) 4.6438283E+00
(-2.1629340E+01, -9.1198961E+00) (-7.3207970E-01, 7.9624077E-02) 4.6155659E+00
(-2.1301115E+01, -9.0260305E+00) (-7.9597561E-01, 8.6334211E-02) 4.5848459E+00
(-2.0936590E+01, -8.9218231E+00) (-8.6523792E-01, 9.3601597E-02) 4.5516683E+00
(-2.0534790E+01, -8.8072177E+00) (-9.3925062E-01, 1.0136794E-01) 4.5160331E+00
(-2.0095568E+01, -8.6824695E+00) (-1.0170276E+00, 1.0954207E-01) 4.4779403E+00
(-1.9619962E+01, -8.5482261E+00) (-1.0971437E+00, 1.1799519E-01) 4.4373899E+00
(-1.9110632E+01, -8.4056002E+00) (-1.1776846E+00, 1.2655813E-01) 4.3943819E+00
(-1.8572306E+01, -8.2562199E+00) (-1.2562295E+00, 1.3502195E-01) 4.3489163E+00
(-1.8012154E+01, -8.1022382E+00) (-1.3298885E+00, 1.4314284E-01) 4.3009931E+00
(-1.7439952E+01, -7.9462836E+00) (-1.3954087E+00, 1.5065207E-01) 4.2506123E+00
(-1.6867830E+01, -7.7913285E+00) (-1.4493615E+00, 1.5727070E-01) 4.1977739E+00
(-1.6309423E+01, -7.6404642E+00) (-1.4884079E+00, 1.6272771E-01) 4.1424779E+00
(-1.5778332E+01, -7.4965748E+00) (-1.5096212E+00, 1.6677918E-01) 4.0847243E+00
(-1.5285968E+01, -7.3619206E+00) (-1.5108255E+00, 1.6922556E-01) 4.0245131E+00
(-1.4839131E+01, -7.2376597E+00) (-1.4908937E+00, 1.6992432E-01) 3.9618443E+00
(-1.4437912E+01, -7.1233601E+00) (-1.4499454E+00, 1.6879681E-01) 3.8967179E+00
(-1.4074592E+01, -7.0165845E+00) (-1.3893964E+00, 1.6582958E-01) 3.8291339E+00
(-1.3734059E+01, -6.9126516E+00) (-1.3118420E+00, 1.6107237E-01) 3.7590923E+00
(-1.3395864E+01, -6.8046935E+00) (-1.2207876E+00, 1.5463515E-01) 3.6865931E+00
(-1.3037527E+01, -6.6841102E+00) (-1.1202792E+00, 1.4668556E-01) 3.6116363E+00
(-1.2638320E+01, -6.5414601E+00) (-1.0144991E+00, 1.3744634E-01) 3.5342219E+00
(-1.2182594E+01, -6.3677154E+00) (-9.0739644E-01, 1.2719011E-01) 3.4543499E+00
(-1.1661961E+01, -6.1556807E+00) (-8.0240249E-01, 1.1622887E-01) 3.3720203E+00
(-1.1075876E+01, -5.9012771E+00) (-7.0226527E-01, 1.0489694E-01) 3.2872331E+00
(-1.0431015E+01, -5.6043612E+00) (-6.0891822E-01, 9.3527365E-02) 3.1999883E+00
(-9.7399190E+00, -5.2688635E+00) (-5.2355781E-01, 8.2428659E-02) 3.1135135E+00
(-9.0182856E+00, -4.9023229E+00) (-4.4687980E-01, 7.1864580E-02) 3.0315789E+00
(-8.2825919E+00, -4.5148093E+00) (-3.7905681E-01, 6.2037215E-02) 2.9538462E+00
(-7.5489079E+00, -4.1174888E+00) (-3.1980210E-01, 5.3081077E-02) 2.8800000E+00
(-6.8315896E+00, -3.7213112E+00) (-2.6857798E-01, 4.5066539E-02) 2.8097561E+00
(-6.1424338E+00, -3.3359530E+00) (-2.2469044E-01, 3.8008315E-02) 2.7428571E+00
(-5.4904079E+00, -2.9691581E+00) (-1.8737081E-01, 3.1877452E-02) 2.6790698E+00
(-4.8816983E+00, -2.6264771E+00) (-1.5583590E-01, 2.6614202E-02) 2.6181818E+00
(-4.3199814E+00, -2.3113313E+00) (-1.2932899E-01, 2.2139912E-02) 2.5600000E+00
(-3.8068126E+00, -2.0252897E+00) (-1.0714559E-01, 1.8366887E-02) 2.5043478E+00
(-3.3420556E+00, -1.7684496E+00) (-8.8647364E-02, 1.5205847E-02) 2.4510638E+00
(-2.9242985E+00, -1.5398358E+00) (-7.3267694E-02, 1.2571067E-02) 2.4000000E+00
(-2.5512258E+00, -1.3377622E+00) (-6.0511603E-02, 1.0383543E-02) 2.3510204E+00
(-2.2199327E+00, -1.1601306E+00) (-4.9952082E-02, 8.5726258E-03) 2.3040000E+00
(-1.9271775E+00, -1.0046569E+00) (-4.1224418E-02, 7.0765546E-03) 2.2588235E+00
(-1.6695764E+00, -8.6903164E-01) (-3.4019589E-02, 5.8422608E-03) 2.2153846E+00
(-1.4437481E+00, -7.5102630E-01) (-2.8077437E-02, 4.8247431E-03) 2.1735849E+00
(-1.2464151E+00, -6.4855605E-01) (-2.3180076E-02, 3.9862207E-03) 2.1333333E+00
(-1.0744719E+00, -5.5971279E-01) (-1.9145784E-02, 3.2952110E-03) 2.0945455E+00
(-9.2502639E-01, -4.8277704E-01) (-1.5823512E-02, 2.7256240E-03) 2.0571429E+00
(-7.9542197E-01, -4.1621653E-01) (-1.3088047E-02, 2.2559228E-03) 2.0210526E+00
(-6.8324459E-01, -3.5867677E-01) (-1.0835819E-02, 1.8683765E-03) 1.9862069E+00
(-5.8632026E-01, -3.0896742E-01) (-8.9813074E-03, 1.5484121E-03) 1.9525424E+00
(-5.0270551E-01, -2.6604678E-01) (-7.4539936E-03, 1.2840640E-03) 1.9200000E+00
(-4.3067354E-01, -2.2900604E-01) (-6.1957902E-03, 1.0655106E-03) 1.8885246E+00
(-3.6869804E-01, -1.9705408E-01) (-5.1588897E-03, 8.8468999E-04) 1.8580645E+00
(-3.1543578E-01, -1.6950336E-01) (-4.3039696E-03, 7.3498247E-04) 1.8285714E+00
(-2.6970912E-01, -1.4575709E-01) (-3.5987008E-03, 6.1094936E-04) 1.8000000E+00
(-2.3048895E-01, -1.2529777E-01) (-3.0165121E-03, 5.0811922E-04) 1.7723077E+00
(-1.9687848E-01, -1.0767696E-01) (-2.5355691E-03, 4.2281294E-04) 1.7454545E+00
(-1.6809815E-01, -9.2506343E-02) (-2.1379312E-03, 3.5200074E-04) 1.7194030E+00
(-1.4347177E-01, -7.9449826E-02) (-1.8088576E-03, 2.9318550E-04) 1.6941176E+00
(-1.2241396E-01, -6.8216679E-02) (-1.5362358E-03, 2.4430733E-04) 1.6695652E+00
(-1.0441878E-01, -5.8555525E-02) (-1.3101120E-03, 2.0366556E-04) 1.6457143E+00
(-8.9049666E-02, -5.0249113E-02) (-1.1223048E-03, 1.6985503E-04) 1.6225352E+00
(-7.5930393E-02, -4.3109766E-02) (-9.6608854E-04, 1.4171376E-04) 1.6000000E+00
(-6.4737159E-02, -3.6975430E-02) (-8.3593261E-04, 1.1828020E-04) 1.5780822E+00
(-5.5191590E-02, -3.1706232E-02) (-7.2728800E-04, 9.8758042E-05) 1.5567568E+00
(-4.7054610E-02, -2.7181497E-02) (-6.3641188E-04, 8.2487436E-05) 1.5360000E+00
(-4.0121094E-02, -2.3297157E-02) (-5.6022368E-04, 6.8921206E-05) 1.5157895E+00
(-3.4215192E-02, -1.9963500E-02) (-4.9618695E-04, 5.7605353E-05) 1.4961039E+00
(-2.9186279E-02, -1.7103225E-02) (-4.4221245E-04, 4.8162965E-05) 1.4769231E+00
(-2.4905426E-02, -1.4649747E-02) (-3.9657850E-04, 4.0280954E-05) 1.4582278E+00
(-2.1262356E-02, -1.2545740E-02) (-3.5786572E-04, 3.3699112E-05) 1.4400000E+00
(-1.8162808E-02, -1.0741861E-02) (-3.2490332E-04, 2.8201069E-05) 1.4222222E+00
(-1.5526253E-02, -9.1956594E-03) (-2.9672504E-04, 2.3606822E-05) 1.4048780E+00
(-1.3283940E-02, -7.8706258E-03) (-2.7253299E-04, 1.9766552E-05) 1.3879518E+00
(-1.1377201E-02, -6.7353705E-03) (-2.5166787E-04, 1.6555511E-05) 1.3714286E+00
(-9.7559965E-03, -5.7629160E-03) (-2.3358453E-04, 1.3869775E-05) 1.3552941E+00
(-8.3776709E-03, -4.9300836E-03) (-2.1783188E-04, 1.1622738E-05) 1.3395349E+00
(-7.2058756E-03, -4.2169652E-03) (-2.0403634E-04, 9.7421977E-06) 1.3241379E+00
(-6.2096513E-03, -3.6064666E-03) (-1.9188828E-04, 8.1679323E-06) 1.3090909E+00
(-5.3626394E-03, -3.0839145E-03) (-1.8113079E-04, 6.8496982E-06) 1.2943820E+00
(-4.6424068E-03, -2.6367172E-03) (-1.7155049E-04, 5.7455599E-06) 1.2800000E+00
(-4.0298684E-03, -2.2540717E-03) (-1.6296996E-04, 4.8205042E-06) 1.2659341E+00
(-3.5087931E-03, -1.9267127E-03) (-1.5524147E-04, 4.0452879E-06) 1.2521739E+00
(-3.0653815E-03, -1.6466954E-03) (-1.4824186E-04, 3.3954786E-06) 1.2387097E+00
(-2.6879052E-03, -1.4072089E-03) (-1.4186826E-04, 2.8506570E-06) 1.2255319E+00
(-2.3663992E-03, -1.2024160E-03) (-1.3603463E-04, 2.3937523E-06) 1.2126316E+00
(-2.0923987E-03, -1.0273149E-03) (-1.3066887E-04, 2.0104889E-06) 1.2000000E+00
(-1.8587157E-03, -8.7762053E-04) (-1.2571040E-04, 1.6889250E-06) 1.1876289E+00
(-1.6592475E-03, -7.4966285E-04) (-1.2110827E-04, 1.4190684E-06) 1.1755102E+00
(-1.4888145E-03, -6.4029898E-04) (-1.1681944E-04, 1.1925557E-06) 1.1636364E+00
(-1.3430211E-03, -5.4683810E-04) (-1.1280753E-04, 1.0023850E-06) 1.1520000E+00
(-1.2181382E-03, -4.6697681E-04) (-1.0904165E-04, 8.4269260E-07) 1.1405941E+00
(-1.1110022E-03, -3.9874373E-04) (-1.0549550E-04, 7.0856682E-07) 1.1294118E+00
(-1.0189306E-03, -3.4045192E-04) (-1.0214663E-04, 5.9589227E-07) 1.1184466E+00
(-9.3964823E-04, -2.9065805E-04) (-9.8975777E-05, 5.0121993E-07) 1.1076923E+00
(-8.7122635E-04, -2.4812747E-04) (-9.5966366E-05, 4.2165859E-07) 1.0971429E+00
(-8.1202982E-04, -2.1180414E-04) (-9.3104075E-05, 3.5478401E-07) 1.0867925E+00
(-7.6067261E-04, -1.8078498E-04) (-9.0376473E-05, 2.9856304E-07) 1.0766355E+00
(-7.1597995E-04, -1.5429776E-04) (-8.7772719E-05, 2.5129016E-07) 1.0666667E+00
(-6.7695619E-04, -1.3168229E-04) (-8.5283318E-05, 2.1153435E-07) 1.0568807E+00
(-6.4275752E-04, -1.1237420E-04) (-8.2899916E-05, 1.7809465E-07) 1.0472727E+00
(-6.1266881E-04, -9.5891109E-05) (-8.0615121E-05, 1.4996296E-07) 1.0378378E+00
(-5.8608402E-04, -8.1820764E-05) (-7.8422366E-05, 1.2629290E-07) 1.0285714E+00
(-5.6248946E-04, -6.9810876E-05) (-7.6315786E-05, 1.0637372E-07) 1.0194690E+00
(-5.4144976E-04, -5.9560441E-05) (-7.4290120E-05, 8.9608450E-08) 1.0105263E+00
(-5.2259583E-04, -5.0812298E-05) (-7.2340621E-05, 7.5495579E-08) 1.0017391E+00
(-5.0561473E-04, -4.3346767E-05) (-7.0462994E-05, 6.3613719E-08) 9.9310345E-01
(-4.9024107E-04, -3.6976203E-05) (-6.8653328E-05, 5.3608736E-08) 9.8461538E-01
(-4.7624974E-04, -3.1540343E-05) (-6.6908050E-05, 4.5182961E-08) 9.7627119E-01
(-4.6344971E-04, -2.6902321E-05) (-6.5223885E-05, 3.8086145E-08) 9.6806723E-01
(-4.5167881E-04, -2.2945263E-05) (-6.3597814E-05, 3.2107865E-08) 9.6000000E-01
(-4.4079932E-04, -1.9569376E-05) (-6.2027048E-05, 2.7071159E-08) 9.5206612E-01
(-4.3069420E-04, -1.6689456E-05) (-6.0509000E-05, 2.2827177E-08) 9.4426230E-01
(-4.2126394E-04, -1.4232767E-05) (-5.9041266E-05, 1.9250698E-08) 9.3658537E-01
(-4.1242384E-04, -1.2137215E-05) (-5.7621599E-05, 1.6236359E-08) 9.2903226E-01
(-4.0410178E-04, -1.0349798E-05) (-5.6247900E-05, 1.3695495E-08) 9.2160000E-01
(-3.9623624E-04, -8.8252792E-06) (-5.4918201E-05, 1.1553479E-08) 9.1428571E-01
(-3.8877475E-04, -7.5250482E-06) (-5.3630650E-05, 9.7474904E-09) 9.0708661E-01
(-3.8167243E-04, -6.4161561E-06) (-5.2383506E-05, 8.2246411E-09) 9.0000000E-01
(-3.7489089E-04, -5.4704856E-06) (-5.1175124E-05, 6.9403968E-09) 8.9302326E-01
(-3.6839720E-04, -4.6640442E-06) (-5.0003950E-05, 5.8572529E-09) 8.8615385E-01
(-3.6216309E-04, -3.9763603E-06) (-4.8868515E-05, 4.9436205E-09) 8.7938931E-01
(-3.5616420E-04, -3.3899677E-06) (-4.7767422E-05, 4.1728899E-09) 8.7272727E-01
150.000000
(-1.1708014E+01, -1.5768316E+01) (-3.6912799E-01, 6.6199140E-02) 4.7912843E+00
(-1.1703166E+01, -1.5763853E+01) (-3.7604064E-01, 6.7248513E-02) 4.7925131E+00
(-1.1684834E+01, -1.5751063E+01) (-3.8295329E-01, 6.8297886E-02) 4.7912843E+00
(-1.1653664E+01, -1.5729579E+01) (-3.9233603E-01, 6.9873619E-02) 4.7875979E+00
(-1.1609450E+01, -1.5699016E+01) (-4.0510149E-01, 7.2058604E-02) 4.7814539E+00
(-1.1551918E+01, -1.5658835E+01) (-4.2155028E-01, 7.4889007E-02) 4.7728523E+00
(-1.1480748E+01, -1.5608344E+01) (-4.4190064E-01, 7.8396233E-02) 4.7617931E+00
(-1.1395595E+01, -1.5546700E+01) (-4.6636198E-01, 8.2612661E-02) 4.7482763E+00
(-1.1296117E+01, -1.5472916E+01) (-4.9514518E-01, 8.7571714E-02) 4.7323019E+00
(-1.1182017E+01, -1.5385870E+01) (-5.2845560E-01, 9.3306178E-02) 4.7138699E+00
(-1.1053081E+01, -1.5284322E+01) (-5.6647727E-01, 9.9845417E-02) 4.6929803E+00
(-1.0909238E+01, -1.5166936E+01) (-6.0934965E-01, 1.0721158E-01) 4.6696331E+00
(-1.0750626E+01, -1.5032318E+01) (-6.5713690E-01, 1.1541476E-01) 4.6438283E+00
(-1.0577667E+01, -1.4879063E+01) (-7.0978924E-01, 1.2444705E-01) 4.6155659E+00
(-1.0391167E+01, -1.4705812E+01) (-7.6709643E-01, 1.3427569E-01) 4.5848459E+00
(-1.0192427E+01, -1.4511336E+01) (-8.2863470E-01, 1.4483540E-01) 4.5516683E+00
(-9.9833836E+00, -1.4294616E+01) (-8.9370974E-01, 1.5602063E-01) 4.5160331E+00
(-9.7667689E+00, -1.4054953E+01) (-9.6130099E-01, 1.6767842E-01) 4.4779403E+00
(-9.5462827E+00, -1.3792060E+01) (-1.0300152E+00, 1.7960306E-01) 4.4373899E+00
(-9.3267584E+00, -1.3506157E+01) (-1.0980600E+00, 1.9153407E-01) 4.3943819E+00
(-9.1142745E+00, -1.3198037E+01) (-1.1632512E+00, 2.0315888E-01) 4.3489163E+00
(-8.9161370E+00, -1.2869091E+01) (-1.2230661E+00, 2.1412149E-01) 4.3009931E+00
(-8.7406344E+00, -1.2521269E+01) (-1.2747557E+00, 2.2403768E-01) 4.2506123E+00
(-8.5964553E+00, -1.2156975E+01) (-1.3155174E+00, 2.3251613E-01) 4.1977739E+00
(-8.4916948E+00, -1.1778877E+01) (-1.3427232E+00, 2.3918361E-01) 4.1424779E+00
(-8.4324654E+00, -1.1389658E+01) (-1.3541790E+00, 2.4371126E-01) 4.0847243E+00
(-8.4212742E+00, -1.0991718E+01) (-1.3483827E+00, 2.4583832E-01) 4.0245131E+00
(-8.4554954E+00, -1.0586866E+01) (-1.3247332E+00, 2.4539044E-01) 3.9618443E+00
(-8.5263756E+00, -1.0176064E+01) (-1.2836517E+00, 2.4229073E-01) 3.8967179E+00
(-8.6189972E+00, -9.7592632E+00) (-1.2265816E+00, 2.3656375E-01) 3.8291339E+00
(-8.7134345E+00, -9.3354065E+00) (-1.1558634E+00, 2.2833377E-01) 3.7590923E+00
(-8.7870214E+00, -8.9026333E+00) (-1.0745011E+00, 2.1781914E-01) 3.6865931E+00
(-8.8173104E+00, -8.4587064E+00) (-9.8586343E-01, 2.0532353E-01) 3.6116363E+00
(-8.7850863E+00, -8.0016240E+00) (-8.9337058E-01, 1.9122338E-01) 3.5342219E+00
(-8.6767843E+00, -7.5303153E+00) (-8.0021477E-01, 1.7595056E-01) 3.4543499E+00
(-8.4858778E+00, -7.0452685E+00) (-7.0915082E-01, 1.5996898E-01) 3.3720203E+00
(-8.2129751E+00, -6.5489283E+00) (-6.2237894E-01, 1.4374660E-01) 3.2872331E+00
(-7.8650290E+00, -6.0457204E+00) (-5.4143939E-01, 1.2772390E-01) 3.1999883E+00
(-7.4541009E+00, -5.5416770E+00) (-4.6728429E-01, 1.1228779E-01) 3.1135135E+00
(-6.9949859E+00, -5.0438890E+00) (-4.0048564E-01, 9.7752252E-02) 3.0315789E+00
(-6.5031670E+00, -4.5597261E+00) (-3.4119585E-01, 8.4343848E-02) 2.9538462E+00
(-5.9938671E+00, -4.0959763E+00) (-2.8918664E-01, 7.2200524E-02) 2.8800000E+00
(-5.4809420E+00, -3.6582705E+00) (-2.4402502E-01, 6.1380476E-02) 2.8097561E+00
(-4.9761324E+00, -3.2507320E+00) (-2.0514672E-01, 5.1875451E-02) 2.7428571E+00
(-4.4887993E+00, -2.8758805E+00) (-1.7192148E-01, 4.3626939E-02) 2.6790698E+00
(-4.0259204E+00, -2.5347384E+00) (-1.4370193E-01, 3.6542421E-02) 2.6181818E+00
(-3.5922775E+00, -2.2270682E+00) (-1.1985769E-01, 3.0509794E-02) 2.5600000E+00
(-3.1907505E+00, -1.9516680E+00) (-9.9797319E-02, 2.5408987E-02) 2.5043478E+00
(-2.8226555E+00, -1.7066682E+00) (-8.2980871E-02, 2.1120507E-02) 2.4510638E+00
(-2.4880815E+00, -1.4897949E+00) (-6.8925538E-02, 1.7531154E-02) 2.4000000E+00
(-2.1862004E+00, -1.2985802E+00) (-5.7206511E-02, 1.4537405E-02) 2.3510204E+00
(-1.9155346E+00, -1.1305191E+00) (-4.7454754E-02, 1.2047013E-02) 2.3040000E+00
(-1.6741784E+00, -9.8317736E-01) (-3.9352929E-02, 9.9793793E-03) 2.2588235E+00
(-1.4599746E+00, -8.5425846E-01) (-3.2630376E-02, 8.2651208E-03) 2.2153846E+00
(-1.2706499E+00, -7.4164111E-01) (-2.7057771E-02, 6.8451841E-03) 2.1735849E+00
(-1.1039146E+00, -6.4339503E-01) (-2.2441854E-02, 5.6697370E-03) 2.1333333E+00
(-9.5753484E-01, -5.5778271E-01) (-1.8620460E-02, 4.6969995E-03) 2.0945455E+00
(-8.2938045E-01, -4.8325236E-01) (-1.5457999E-02, 3.8921115E-03) 2.0571429E+00
(-7.1745569E-01, -4.1842593E-01) (-1.2841423E-02, 3.2260885E-03) 2.0210526E+00
(-6.1991630E-01, -3.6208473E-01) (-1.0676694E-02, 2.6748928E-03) 1.9862069E+00
(-5.3507665E-01, -3.1315430E-01) (-8.8857348E-03, 2.2186242E-03) 1.9525424E+00
(-4.6140979E-01, -2.7068957E-01) (-7.4038139E-03, 1.8408273E-03) 1.9200000E+00
(-3.9754272E-01, -2.3386077E-01) (-6.1773277E-03, 1.5279053E-03) 1.8885246E+00
(-3.4224848E-01, -2.0194041E-01) (-5.1619282E-03, 1.2686278E-03) 1.8580645E+00
(-2.9443623E-01, -1.7429149E-01) (-4.3209500E-03, 1.0537205E-03) 1.8285714E+00
(-2.5314053E-01, -1.5035682E-01) (-3.6240957E-03, 8.7552444E-04) 1.8000000E+00
(-2.1751006E-01, -1.2964952E-01) (-3.0463392E-03, 7.2771320E-04) 1.7723077E+00
(-1.8679668E-01, -1.1174451E-01) (-2.5670136E-03, 6.0506018E-04) 1.7454545E+00
(-1.6034475E-01, -9.6271027E-02) (-2.1690549E-03, 5.0324584E-04) 1.7194030E+00
(-1.3758114E-01, -8.2905945E-02) (-1.8383742E-03, 4.1869906E-04) 1.6941176E+00
(-1.1800595E-01, -7.1367875E-02) (-1.5633393E-03, 3.4846628E-04) 1.6695652E+00
(-1.0118401E-01, -6.1411981E-02) (-1.3343455E-03, 2.9010376E-04) 1.6457143E+00
(-8.6737164E-02, -5.2825397E-02) (-1.1434614E-03, 2.4158874E-04) 1.6225352E+00
(-7.4337295E-02, -4.5423190E-02) (-9.8413605E-04, 2.0124623E-04) 1.6000000E+00
(-6.3700125E-02, -3.9044819E-02) (-8.5095755E-04, 1.6768862E-04) 1.5780822E+00
(-5.4579662E-02, -3.3551011E-02) (-7.3945414E-04, 1.3976595E-04) 1.5567568E+00
(-4.6763290E-02, -2.8821033E-02) (-6.4592969E-04, 1.1652481E-04) 1.5360000E+00
(-4.0067441E-02, -2.4750292E-02) (-5.6732828E-04, 9.7174433E-05) 1.5157895E+00
(-3.4333778E-02, -2.1248236E-02) (-5.0112249E-04, 8.1058713E-05) 1.4961039E+00
(-2.9425849E-02, -1.8236517E-02) (-4.4522118E-04, 6.7633060E-05) 1.4769231E+00
(-2.5226159E-02, -1.5647391E-02) (-3.9789358E-04, 5.6445284E-05) 1.4582278E+00
(-2.1633619E-02, -1.3422311E-02) (-3.5770654E-04, 4.7119788E-05) 1.4400000E+00
(-1.8561312E-02, -1.1510712E-02) (-3.2347283E-04, 3.9344485E-05) 1.4222222E+00
(-1.5934560E-02, -9.8689405E-03) (-2.9420846E-04, 3.2859970E-05) 1.4048780E+00
(-1.3689239E-02, -8.4593336E-03) (-2.6909748E-04, 2.7450560E-05) 1.3879518E+00
(-1.1770321E-02, -7.2494105E-03) (-2.4746289E-04, 2.2936864E-05) 1.3714286E+00
(-1.0130609E-02, -6.2111732E-03) (-2.2874265E-04, 1.9169631E-05) 1.3552941E+00
(-8.7296447E-03, -5.3204985E-03) (-2.1246984E-04, 1.6024649E-05) 1.3395349E+00
(-7.5327623E-03, -4.5566109E-03) (-1.9825629E-04, 1.3398512E-05) 1.3241379E+00
(-6.5102744E-03, -3.9016253E-03) (-1.8577907E-04, 1.1205111E-05) 1.3090909E+00
(-5.6367674E-03, -3.3401509E-03) (-1.7476927E-04, 9.3727200E-06) 1.2943820E+00
(-4.8904957E-03, -2.8589485E-03) (-1.6500276E-04, 7.8415761E-06) 1.2800000E+00
(-4.2528596E-03, -2.4466338E-03) (-1.5629259E-04, 6.5618718E-06) 1.2659341E+00
(-3.7079563E-03, -2.0934211E-03) (-1.4848259E-04, 5.4920850E-06) 1.2521739E+00
(-3.2421938E-03, -1.7909014E-03) (-1.4144218E-04, 4.5975914E-06) 1.2387097E+00
(-2.8439590E-03, -1.5318510E-03) (-1.3506202E-04, 3.8495118E-06) 1.2255319E+00
(-2.5033327E-03, -1.3100669E-03) (-1.2925044E-04, 3.2237523E-06) 1.2126316E+00
(-2.2118455E-03, -1.1202235E-03) (-1.2393044E-04, 2.7002067E-06) 1.2000000E+00
(-1.9622676E-03, -9.5775010E-04) (-1.1903722E-04, 2.2620924E-06) 1.1876289E+00
(-1.7484295E-03, -8.1872508E-04) (-1.1451620E-04, 1.8953975E-06) 1.1755102E+00
(-1.5650673E-03, -6.9978439E-04) (-1.1032122E-04, 1.5884211E-06) 1.1636364E+00
(-1.4076917E-03, -5.9804318E-04) (-1.0641326E-04, 1.3313893E-06) 1.1520000E+00
(-1.2724741E-03, -5.1102806E-04) (-1.0275914E-04, 1.1161365E-06) 1.1405941E+00
(-1.1561504E-03, -4.3661895E-04) (-9.9330664E-05, 9.3583910E-07) 1.1294118E+00
(-1.0559387E-03, -3.7299902E-04) (-9.6103750E-05, 7.8479370E-07) 1.1184466E+00
(-9.6946772E-04, -3.1861165E-04) (-9.3057780E-05, 6.5823218E-07) 1.1076923E+00
(-8.9471727E-04, -2.7212349E-04) (-9.0175041E-05, 5.5216751E-07) 1.0971429E+00
(-8.2996612E-04, -2.3239258E-04) (-8.7440258E-05, 4.6326513E-07) 1.0867925E+00
(-7.7374809E-04, -1.9844117E-04) (-8.4840217E-05, 3.8873559E-07) 1.0766355E+00
(-7.2481438E-04, -1.6943220E-04) (-8.2363430E-05, 3.2624498E-07) 1.0666667E+00
(-6.8210147E-04, -1.4464922E-04) (-7.9999877E-05, 2.7384019E-07) 1.0568807E+00
(-6.4470365E-04, -1.2347911E-04) (-7.7740776E-05, 2.2988642E-07) 1.0472727E+00
(-6.1184972E-04, -1.0539727E-04) (-7.5578398E-05, 1.9301506E-07) 1.0378378E+00
(-5.8288295E-04, -8.9954920E-05) (-7.3505908E-05, 1.6208016E-07) 1.0285714E+00
(-5.5724417E-04, -7.6768185E-05) (-7.1517236E-05, 1.3612200E-07) 1.0194690E+00
(-5.3445720E-04, -6.5508784E-05) (-6.9606963E-05, 1.1433669E-07) 1.0105263E+00
(-5.1411653E-04, -5.5896008E-05) (-6.7770234E-05, 9.6050767E-08) 1.0017391E+00
(-4.9587684E-04, -4.7689862E-05) (-6.6002674E-05, 8.0699907E-08) 9.9310345E-01
(-4.7944395E-04, -4.0685190E-05) (-6.4300328E-05, 6.7811182E-08) 9.8461538E-01
(-4.6456727E-04, -3.4706644E-05) (-6.2659601E-05, 5.6988181E-08) 9.7627119E-01
(-4.5103326E-04, -2.9604370E-05) (-6.1077214E-05, 4.7898576E-08) 9.6806723E-01
(-4.3865990E-04, -2.5250317E-05) (-5.9550164E-05, 4.0263718E-08) 9.6000000E-01
(-4.2729200E-04, -2.1535083E-05) (-5.8075689E-05, 3.3849931E-08) 9.5206612E-01
(-4.1679717E-04, -1.8365207E-05) (-5.6651241E-05, 2.8461219E-08) 9.4426230E-01
(-4.0706245E-04, -1.5660855E-05) (-5.5274461E-05, 2.3933170E-08) 9.3658537E-01
(-3.9799137E-04, -1.3353843E-05) (-5.3943156E-05, 2.0127838E-08) 9.2903226E-01
(-3.8950151E-04, -1.1385943E-05) (-5.2655286E-05, 1.6929474E-08) 9.2160000E-01
(-3.8152237E-04, -9.7074332E-06) (-5.1408942E-05, 1.4240933E-08) 9.1428571E-01
(-3.7399365E-04, -8.2758618E-06) (-5.0202339E-05, 1.1980676E-08) 9.0708661E-01
(-3.6686366E-04, -7.0549861E-06) (-4.9033799E-05, 1.0080251E-08) 9.0000000E-01
(-3.6008809E-04, -6.0138678E-06) (-4.7901744E-05, 8.4821862E-09) 8.9302326E-01
(-3.5362888E-04, -5.1260997E-06) (-4.6804689E-05, 7.1382205E-09) 8.8615385E-01
(-3.4745330E-04, -4.3691434E-06) (-4.5741229E-05, 6.0078228E-09) 8.7938931E-01
(-3.4153317E-04, -3.7237650E-06) (-4.4710035E-05, 5.0569491E-09) 8.7272727E-01
175.000000
(-6.7728327E+00, -1.8441525E+01) (-3.6860829E-01, 7.5446888E-02) 4.7912843E+00
(-6.7690901E+00, -1.8436355E+01) (-3.7528293E-01, 7.6608161E-02) 4.7925131E+00
(-6.7541218E+00, -1.8421536E+01) (-3.8195756E-01, 7.7769435E-02) 4.7912843E+00
(-6.7286944E+00, -1.8396632E+01) (-3.9103145E-01, 7.9521296E-02) 4.7875979E+00
(-6.6927829E+00, -1.8361183E+01) (-4.0337302E-01, 8.1951288E-02) 4.7814539E+00
(-6.6463756E+00, -1.8314547E+01) (-4.1926156E-01, 8.5097303E-02) 4.7728523E+00
(-6.5894944E+00, -1.8255897E+01) (-4.3889460E-01, 8.8991905E-02) 4.7617931E+00
(-6.5222244E+00, -1.8184223E+01) (-4.6245776E-01, 9.3668284E-02) 4.7482763E+00
(-6.4447492E+00, -1.8098337E+01) (-4.9013409E-01, 9.9160174E-02) 4.7323019E+00
(-6.3573946E+00, -1.7996884E+01) (-5.2209681E-01, 1.0549989E-01) 4.7138699E+00
(-6.2606793E+00, -1.7878354E+01) (-5.5849374E-01, 1.1271520E-01) 4.6929803E+00
(-6.1553737E+00, -1.7741110E+01) (-5.9942473E-01, 1.2082506E-01) 4.6696331E+00
(-6.0425664E+00, -1.7583420E+01) (-6.4491227E-01, 1.2983431E-01) 4.6438283E+00
(-5.9237394E+00, -1.7403509E+01) (-6.9486505E-01, 1.3972720E-01) 4.6155659E+00
(-5.8008512E+00, -1.7199622E+01) (-7.4903480E-01, 1.5046005E-01) 4.5848459E+00
(-5.6764285E+00, -1.6970101E+01) (-8.0696780E-01, 1.6195311E-01) 4.5516683E+00
(-5.5536635E+00, -1.6713481E+01) (-8.6795400E-01, 1.7408252E-01) 4.5160331E+00
(-5.4365133E+00, -1.6428593E+01) (-9.3097889E-01, 1.8667307E-01) 4.4779403E+00
(-5.3297857E+00, -1.6114668E+01) (-9.9468554E-01, 1.9949308E-01) 4.4373899E+00
(-5.2391888E+00, -1.5771438E+01) (-1.0573570E+00, 2.1225293E-01) 4.3943819E+00
(-5.1712985E+00, -1.5399204E+01) (-1.1169307E+00, 2.2460869E-01) 4.3489163E+00
(-5.1333799E+00, -1.4998871E+01) (-1.1710564E+00, 2.3617212E-01) 4.3009931E+00
(-5.1329848E+00, -1.4571929E+01) (-1.2172063E+00, 2.4652738E-01) 4.2506123E+00
(-5.1772488E+00, -1.4120372E+01) (-1.2528393E+00, 2.5525400E-01) 4.1977739E+00
(-5.2718569E+00, -1.3646550E+01) (-1.2756104E+00, 2.6195390E-01) 4.1424779E+00
(-5.4197328E+00, -1.3152983E+01) (-1.2836046E+00, 2.6627949E-01) 4.0847243E+00
(-5.6196358E+00, -1.2642143E+01) (-1.2755620E+00, 2.6795936E-01) 4.0245131E+00
(-5.8649781E+00, -1.2116257E+01) (-1.2510564E+00, 2.6681834E-01) 3.9618443E+00
(-6.1432447E+00, -1.1577153E+01) (-1.2105895E+00, 2.6279009E-01) 3.8967179E+00
(-6.4363481E+00, -1.1026202E+01) (-1.1555775E+00, 2.5592211E-01) 3.8291339E+00
(-6.7220595E+00, -1.0464365E+01) (-1.0882278E+00, 2.4637394E-01) 3.7590923E+00
(-6.9763699E+00, -9.8923909E+00) (-1.0113231E+00, 2.3440989E-01) 3.6865931E+00
(-7.1763541E+00, -9.3111174E+00) (-9.2795150E-01, 2.2038692E-01) 3.6116363E+00
(-7.3029506E+00, -8.7218602E+00) (-8.4122765E-01, 2.0473733E-01) 3.5342219E+00
(-7.3430906E+00, -8.1267939E+00) (-7.5404737E-01, 1.8794581E-01) 3.4543499E+00
(-7.2908234E+00, -7.5292306E+00) (-6.6890434E-01, 1.7052107E-01) 3.3720203E+00
(-7.1472403E+00, -6.9337028E+00) (-5.8778947E-01, 1.5296422E-01) 3.2872331E+00
(-6.9196020E+00, -6.3457789E+00) (-5.1209441E-01, 1.3573574E-01) 3.1999883E+00
(-6.6201038E+00, -5.7716296E+00) (-4.4267989E-01, 1.1923018E-01) 3.1135135E+00
(-6.2635844E+00, -5.2175844E+00) (-3.8007189E-01, 1.0375905E-01) 3.0315789E+00
(-5.8655593E+00, -4.6895708E+00) (-3.2441637E-01, 8.9539438E-02) 2.9538462E+00
(-5.4413233E+00, -4.1925254E+00) (-2.7550913E-01, 7.6695785E-02) 2.8800000E+00
(-5.0048959E+00, -3.7300913E+00) (-2.3295911E-01, 6.5271541E-02) 2.8097561E+00
(-4.5682975E+00, -3.3044885E+00) (-1.9625383E-01, 5.5244263E-02) 2.7428571E+00
(-4.1412835E+00, -2.9165631E+00) (-1.6481847E-01, 4.6542868E-02) 2.6790698E+00
(-3.7313238E+00, -2.5659641E+00) (-1.3806037E-01, 3.9064283E-02) 2.6181818E+00
(-3.3437642E+00, -2.2513911E+00) (-1.1540036E-01, 3.2687832E-02) 2.5600000E+00
(-2.9820916E+00, -1.9708599E+00) (-9.6293194E-02, 2.7286576E-02) 2.5043478E+00
(-2.6482457E+00, -1.7219511E+00) (-8.0239473E-02, 2.2735496E-02) 2.4510638E+00
(-2.3429324E+00, -1.5020177E+00) (-6.6791208E-02, 1.8916868E-02) 2.4000000E+00
(-2.0659160E+00, -1.3083469E+00) (-5.5553005E-02, 1.5723351E-02) 2.3510204E+00
(-1.8162749E+00, -1.1382763E+00) (-4.6180349E-02, 1.3059389E-02) 2.3040000E+00
(-1.5926146E+00, -9.8927041E-01) (-3.8376118E-02, 1.0841435E-02) 2.2588235E+00
(-1.3932409E+00, -8.5896672E-01) (-3.1886175E-02, 8.9974421E-03) 2.2153846E+00
(-1.2162936E+00, -7.4519837E-01) (-2.6494602E-02, 7.4659284E-03) 2.1735849E+00
(-1.0598483E+00, -6.4600136E-01) (-2.2018943E-02, 6.1948451E-03) 2.1333333E+00
(-9.2199041E-01, -5.5961100E-01) (-1.8305701E-02, 5.1403968E-03) 2.0945455E+00
(-8.0086688E-01, -4.8445214E-01) (-1.5226204E-02, 4.2659018E-03) 2.0571429E+00
(-6.9472084E-01, -4.1912580E-01) (-1.2672904E-02, 3.5407424E-03) 2.0210526E+00
(-6.0191262E-01, -3.6239425E-01) (-1.0556121E-02, 2.9394271E-03) 1.9862069E+00
(-5.2093091E-01, -3.1316575E-01) (-8.8012173E-03, 2.4407723E-03) 1.9525424E+00
(-4.5039660E-01, -2.7047962E-01) (-7.3461680E-03, 2.0271974E-03) 1.9200000E+00
(-3.8906157E-01, -2.3349224E-01) (-6.1394933E-03, 1.6841256E-03) 1.8885246E+00
(-3.3580387E-01, -2.0146400E-01) (-5.1385055E-03, 1.3994783E-03) 1.8580645E+00
(-2.8962075E-01, -1.7374744E-01) (-4.3078337E-03, 1.1632504E-03) 1.8285714E+00
(-2.4962032E-01, -1.4977650E-01) (-3.6181858E-03, 9.6715607E-04) 1.8000000E+00
(-2.1501258E-01, -1.2905688E-01) (-3.0453137E-03, 8.0433409E-04) 1.7723077E+00
(-1.8510023E-01, -1.1115740E-01) (-2.5691504E-03, 6.6910227E-04) 1.7454545E+00
(-1.5926979E-01, -9.5702323E-02) (-2.1730917E-03, 5.5675457E-04) 1.7194030E+00
(-1.3698287E-01, -8.2364545E-02) (-1.8433999E-03, 4.6339263E-04) 1.6941176E+00
(-1.1776819E-01, -7.0859543E-02) (-1.5687093E-03, 3.8578654E-04) 1.6695652E+00
(-1.0121404E-01, -6.0940052E-02) (-1.3396159E-03, 3.2125954E-04) 1.6457143E+00
(-8.6961447E-02, -5.2391357E-02) (-1.1483378E-03, 2.6759271E-04) 1.6225352E+00
(-7.4697916E-02, -4.5027151E-02) (-9.8843489E-04, 2.2294618E-04) 1.6000000E+00
(-6.4151851E-02, -3.8685897E-02) (-8.5457621E-04, 1.8579390E-04) 1.5780822E+00
(-5.5087510E-02, -3.3227629E-02) (-7.4234786E-04, 1.5486977E-04) 1.5567568E+00
(-4.7300529E-02, -2.8531159E-02) (-6.4809441E-04, 1.2912306E-04) 1.5360000E+00
(-4.0613944E-02, -2.4491620E-02) (-5.6878763E-04, 1.0768149E-04) 1.5157895E+00
(-3.4874678E-02, -2.1018322E-02) (-5.0191808E-04, 8.9820721E-05) 1.4961039E+00
(-2.9950444E-02, -1.8032887E-02) (-4.4540553E-04, 7.4939100E-05) 1.4769231E+00
(-2.5727016E-02, -1.5467609E-02) (-3.9752490E-04, 6.2536716E-05) 1.4582278E+00
(-2.2105853E-02, -1.3264034E-02) (-3.5684503E-04, 5.2198087E-05) 1.4400000E+00
(-1.9002001E-02, -1.1371723E-02) (-3.2217811E-04, 4.3577803E-05) 1.4222222E+00
(-1.6342277E-02, -9.7471702E-03) (-2.9253785E-04, 3.6388622E-05) 1.4048780E+00
(-1.4063678E-02, -8.3528723E-03) (-2.6710488E-04, 3.0391617E-05) 1.3879518E+00
(-1.2111997E-02, -7.1565104E-03) (-2.4519811E-04, 2.5387991E-05) 1.3714286E+00
(-1.0440626E-02, -6.1302470E-03) (-2.2625112E-04, 2.1212295E-05) 1.3552941E+00
(-9.0095098E-03, -5.2501141E-03) (-2.0979251E-04, 1.7726795E-05) 1.3395349E+00
(-7.7842423E-03, -4.4954832E-03) (-1.9542973E-04, 1.4816806E-05) 1.3241379E+00
(-6.7352865E-03, -3.8486069E-03) (-1.8283565E-04, 1.2386806E-05) 1.3090909E+00
(-5.8372957E-03, -3.2942214E-03) (-1.7173741E-04, 1.0357215E-05) 1.2943820E+00
(-5.0685291E-03, -2.8192040E-03) (-1.6190728E-04, 8.6617229E-06) 1.2800000E+00
(-4.4103462E-03, -2.4122763E-03) (-1.5315494E-04, 7.2450575E-06) 1.2659341E+00
(-3.8467717E-03, -2.0637480E-03) (-1.4532124E-04, 6.0611406E-06) 1.2521739E+00
(-3.3641189E-03, -1.7652957E-03) (-1.3827292E-04, 5.0715485E-06) 1.2387097E+00
(-2.9506665E-03, -1.5097726E-03) (-1.3189823E-04, 4.2442338E-06) 1.2255319E+00
(-2.5963797E-03, -1.2910433E-03) (-1.2610338E-04, 3.5524608E-06) 1.2126316E+00
(-2.2926700E-03, -1.1038428E-03) (-1.2080950E-04, 2.9739208E-06) 1.2000000E+00
(-2.0321897E-03, -9.4365357E-04) (-1.1595020E-04, 2.4899949E-06) 1.1876289E+00
(-1.8086536E-03, -8.0660081E-04) (-1.1146943E-04, 2.0851408E-06) 1.1755102E+00
(-1.6166876E-03, -6.8936164E-04) (-1.0731985E-04, 1.7463813E-06) 1.1636364E+00
(-1.4516974E-03, -5.8908720E-04) (-1.0346133E-04, 1.4628792E-06) 1.1520000E+00
(-1.3097564E-03, -5.0333559E-04) (-9.9859826E-05, 1.2255824E-06) 1.1405941E+00
(-1.1875095E-03, -4.3001418E-04) (-9.6486337E-05, 1.0269286E-06) 1.1294118E+00
(-1.0820905E-03, -3.6733006E-04) (-9.3316124E-05, 8.6059857E-07) 1.1184466E+00
(-9.9105130E-04, -3.1374737E-04) (-9.0328007E-05, 7.2131122E-07) 1.1076923E+00
(-9.1230146E-04, -2.6795077E-04) (-8.7503799E-05, 6.0465201E-07) 1.0971429E+00
(-8.4405605E-04, -2.2881397E-04) (-8.4827831E-05, 5.0693016E-07) 1.0867925E+00
(-7.8479134E-04, -1.9537272E-04) (-8.2286556E-05, 4.2505945E-07) 1.0766355E+00
(-7.3320674E-04, -1.6680167E-04) (-7.9868213E-05, 3.5645873E-07) 1.0666667E+00
(-6.8819225E-04, -1.4239446E-04) (-7.7562558E-05, 2.9896889E-07) 1.0568807E+00
(-6.4880059E-04, -1.2154671E-04) (-7.5360627E-05, 2.5078355E-07) 1.0472727E+00
(-6.1422345E-04, -1.0374133E-04) (-7.3254543E-05, 2.1039120E-07) 1.0378378E+00
(-5.8377111E-04, -8.8536014E-05) (-7.1237357E-05, 1.7652684E-07) 1.0285714E+00
(-5.5685508E-04, -7.5552477E-05) (-6.9302907E-05, 1.4813163E-07) 1.0194690E+00
(-5.3297322E-04, -6.4467232E-05) (-6.7445708E-05, 1.2431912E-07) 1.0105263E+00
(-5.1169706E-04, -5.5003698E-05) (-6.5660854E-05, 1.0434710E-07) 1.0017391E+00
(-4.9266099E-04, -4.6925427E-05) (-6.3943937E-05, 8.7594007E-08) 9.9310345E-01
(-4.7555298E-04, -4.0030310E-05) (-6.2290981E-05, 7.3539255E-08) 9.8461538E-01
(-4.6010672E-04, -3.4145615E-05) (-6.0698380E-05, 6.1746758E-08) 9.7627119E-01
(-4.4609486E-04, -2.9123733E-05) (-5.9162855E-05, 5.1851160E-08) 9.6806723E-01
(-4.3332327E-04, -2.4838541E-05) (-5.7681407E-05, 4.3546324E-08) 9.6000000E-01
(-4.2162614E-04, -2.1182287E-05) (-5.6251288E-05, 3.6575689E-08) 9.5206612E-01
(-4.1086180E-04, -1.8062927E-05) (-5.4869966E-05, 3.0724221E-08) 9.4426230E-01
(-4.0090915E-04, -1.5401843E-05) (-5.3535101E-05, 2.5811659E-08) 9.3658537E-01
(-3.9166466E-04, -1.3131890E-05) (-5.2244526E-05, 2.1686876E-08) 9.2903226E-01
(-3.8303972E-04, -1.1195731E-05) (-5.0996225E-05, 1.8223150E-08) 9.2160000E-01
(-3.7495845E-04, -9.5444107E-06) (-4.9788317E-05, 1.5314213E-08) 9.1428571E-01
(-3.6735587E-04, -8.1361291E-06) (-4.8619045E-05, 1.2870935E-08) 9.0708661E-01
(-3.6017623E-04, -6.9352042E-06) (-4.7486761E-05, 1.0818549E-08) 9.0000000E-01
(-3.5337167E-04, -5.9111779E-06) (-4.6389918E-05, 9.0943349E-09) 8.9302326E-01
(-3.4690108E-04, -5.0380534E-06) (-4.5327060E-05, 7.6456643E-09) 8.8615385E-01
(-3.4072906E-04, -4.2936443E-06) (-4.4296811E-05, 6.4283767E-09) 8.7938931E-01
(-3.3482515E-04, -3.6590177E-06) (-4.3297875E-05, 5.4054101E-09) 8.7272727E-01
200.000000
(-2.3563953E+00, -2.0830479E+01) (-3.6449239E-01, 8.2883389E-02) 4.7912843E+00
(-2.3536619E+00, -2.0824741E+01) (-3.7091016E-01, 8.4125022E-02) 4.7925131E+00
(-2.3418088E+00, -2.0808294E+01) (-3.7732793E-01, 8.5366656E-02) 4.7912843E+00
(-2.3216982E+00, -2.0780641E+01) (-3.8605690E-01, 8.7247212E-02) 4.7875979E+00
(-2.2934709E+00, -2.0741260E+01) (-3.9792434E-01, 8.9856400E-02) 4.7814539E+00
(-2.2573511E+00, -2.0689418E+01) (-4.1319035E-01, 9.3232724E-02) 4.7728523E+00
(-2.2136713E+00, -2.0624172E+01) (-4.3203425E-01, 9.7408940E-02) 4.7617931E+00
(-2.1629064E+00, -2.0544367E+01) (-4.5462120E-01, 1.0241805E-01) 4.7482763E+00
(-2.1057148E+00, -2.0448641E+01) (-4.8111068E-01, 1.0829309E-01) 4.7323019E+00
(-2.0429870E+00, -2.0335432E+01) (-5.1164934E-01, 1.1506493E-01) 4.7138699E+00
(-1.9759013E+00, -2.0202995E+01) (-5.4635580E-01, 1.2275890E-01) 4.6929803E+00
(-1.9059858E+00, -2.0049422E+01) (-5.8529906E-01, 1.3139020E-01) 4.6696331E+00
(-1.8351847E+00, -1.9872682E+01) (-6.2847055E-01, 1.4095826E-01) 4.6438283E+00
(-1.7659290E+00, -1.9670664E+01) (-6.7574999E-01, 1.5143998E-01) 4.6155659E+00
(-1.7012067E+00, -1.9441248E+01) (-7.2686546E-01, 1.6278199E-01) 4.5848459E+00
(-1.6446311E+00, -1.9182381E+01) (-7.8134908E-01, 1.7489240E-01) 4.5516683E+00
(-1.6005008E+00, -1.8892174E+01) (-8.3849159E-01, 1.8763256E-01) 4.5160331E+00
(-1.5738411E+00, -1.8569009E+01) (-8.9730029E-01, 2.0080994E-01) 4.4779403E+00
(-1.5704110E+00, -1.8211648E+01) (-9.5646795E-01, 2.1417329E-01) 4.4373899E+00
(-1.5966488E+00, -1.7819333E+01) (-1.0143614E+00, 2.2741171E-01) 4.3943819E+00
(-1.6595143E+00, -1.7391867E+01) (-1.0690407E+00, 2.4015902E-01) 4.3489163E+00
(-1.7661744E+00, -1.6929663E+01) (-1.1183185E+00, 2.5200478E-01) 4.3009931E+00
(-1.9234718E+00, -1.6433740E+01) (-1.1598664E+00, 2.6251220E-01) 4.2506123E+00
(-2.1371304E+00, -1.5905677E+01) (-1.1913695E+00, 2.7124229E-01) 4.1977739E+00
(-2.4106996E+00, -1.5347515E+01) (-1.2107186E+00, 2.7778229E-01) 4.1424779E+00
(-2.7443216E+00, -1.4761637E+01) (-1.2162215E+00, 2.8177521E-01) 4.0847243E+00
(-3.1335201E+00, -1.4150635E+01) (-1.2068022E+00, 2.8294692E-01) 4.0245131E+00
(-3.5683051E+00, -1.3517209E+01) (-1.1821546E+00, 2.8112762E-01) 3.9618443E+00
(-4.0329272E+00, -1.2864102E+01) (-1.1428186E+00, 2.7626567E-01) 3.8967179E+00
(-4.5065432E+00, -1.2194113E+01) (-1.0901591E+00, 2.6843295E-01) 3.8291339E+00
(-4.9648622E+00, -1.1510158E+01) (-1.0262470E+00, 2.5782251E-01) 3.7590923E+00
(-5.3825799E+00, -1.0815408E+01) (-9.5366040E-01, 2.4473917E-01) 3.6865931E+00
(-5.7361743E+00, -1.0113446E+01) (-8.7524019E-01, 2.2958379E-01) 3.6116363E+00
(-6.0065112E+00, -9.4084241E+00) (-7.9383973E-01, 2.1283143E-01) 3.5342219E+00
(-6.1807593E+00, -8.7051653E+00) (-7.1210583E-01, 1.9500372E-01) 3.4543499E+00
(-6.2533206E+00, -8.0091648E+00) (-6.3231613E-01, 1.7663678E-01) 3.3720203E+00
(-6.2256229E+00, -7.3264518E+00) (-5.5629055E-01, 1.5824757E-01) 3.2872331E+00
(-6.1051808E+00, -6.6632928E+00) (-4.8530119E-01, 1.4030101E-01) 3.1999883E+00
(-5.9043518E+00, -6.0257699E+00) (-4.2013683E-01, 1.2318645E-01) 3.1135135E+00
(-5.6381034E+00, -5.4194674E+00) (-3.6128840E-01, 1.0720372E-01) 3.0315789E+00
(-5.3220973E+00, -4.8491107E+00) (-3.0889926E-01, 9.2554782E-02) 2.9538462E+00
(-4.9718176E+00, -4.3181945E+00) (-2.6278788E-01, 7.9348416E-02) 2.8800000E+00
(-4.6015481E+00, -3.8288769E+00) (-2.2260042E-01, 6.7613819E-02) 2.8097561E+00
(-4.2236613E+00, -3.3819954E+00) (-1.8786967E-01, 5.7316825E-02) 2.7428571E+00
(-3.8483470E+00, -2.9772005E+00) (-1.5806898E-01, 4.8377446E-02) 2.6790698E+00
(-3.4835755E+00, -2.6131656E+00) (-1.3265320E-01, 4.0686302E-02) 2.6181818E+00
(-3.1352373E+00, -2.2878271E+00) (-1.1108772E-01, 3.4118492E-02) 2.5600000E+00
(-2.8073865E+00, -1.9986223E+00) (-9.2867593E-02, 2.8544359E-02) 2.5043478E+00
(-2.5025306E+00, -1.7426995E+00) (-7.7528924E-02, 2.3837132E-02) 2.4510638E+00
(-2.2219277E+00, -1.5170902E+00) (-6.4654349E-02, 1.9877880E-02) 2.4000000E+00
(-1.9658656E+00, -1.3188388E+00) (-5.3874477E-02, 1.6558314E-02) 2.3510204E+00
(-1.7339083E+00, -1.1450949E+00) (-4.4866579E-02, 1.3782007E-02) 2.3040000E+00
(-1.5251052E+00, -9.9317297E-01) (-3.7351600E-02, 1.1464524E-02) 2.2588235E+00
(-1.3381607E+00, -8.6058675E-01) (-3.1090255E-02, 9.5328882E-03) 2.2153846E+00
(-1.1715694E+00, -7.4506488E-01) (-2.5878748E-02, 7.9246386E-03) 2.1735849E+00
(-1.0237186E+00, -6.4455353E-01) (-2.1544464E-02, 6.5867267E-03) 2.1333333E+00
(-8.9296567E-01, -5.5721030E-01) (-1.7941849E-02, 5.4743592E-03) 2.0945455E+00
(-7.7769303E-01, -4.8139277E-01) (-1.4948618E-02, 4.5498840E-03) 2.0571429E+00
(-6.7634613E-01, -4.1564399E-01) (-1.2462337E-02, 3.7817606E-03) 2.0210526E+00
(-5.8745833E-01, -3.5867676E-01) (-1.0397414E-02, 3.1436374E-03) 1.9862069E+00
(-5.0966549E-01, -3.0935748E-01) (-8.6824614E-03, 2.6135418E-03) 1.9525424E+00
(-4.4171319E-01, -2.6669051E-01) (-7.2580375E-03, 2.1731796E-03) 1.9200000E+00
(-3.8245844E-01, -2.2980340E-01) (-6.0747073E-03, 1.8073363E-03) 1.8885246E+00
(-3.3086765E-01, -1.9793306E-01) (-5.0913987E-03, 1.5033686E-03) 1.8580645E+00
(-2.8601208E-01, -1.7041319E-01) (-4.2740141E-03, 1.2507757E-03) 1.8285714E+00
(-2.4706160E-01, -1.4666283E-01) (-3.5942626E-03, 1.0408399E-03) 1.8000000E+00
(-2.1327761E-01, -1.2617614E-01) (-3.0286808E-03, 8.6632548E-04) 1.7723077E+00
(-1.8400546E-01, -1.0851313E-01) (-2.5578154E-03, 7.2122722E-04) 1.7454545E+00
(-1.5866689E-01, -9.3291525E-02) (-2.1655409E-03, 6.0056173E-04) 1.7194030E+00
(-1.3675262E-01, -8.0179514E-02) (-1.8384914E-03, 5.0019329E-04) 1.6941176E+00
(-1.1781524E-01, -6.8889328E-02) (-1.5655890E-03, 4.1668943E-04) 1.6695652E+00
(-1.0146261E-01, -5.9171605E-02) (-1.3376516E-03, 3.4720101E-04) 1.6457143E+00
(-8.7351726E-02, -5.0810423E-02) (-1.1470679E-03, 2.8936269E-04) 1.6225352E+00
(-7.5183092E-02, -4.3618946E-02) (-9.8752756E-04, 2.4121049E-04) 1.6000000E+00
(-6.4695632E-02, -3.7435615E-02) (-8.5379825E-04, 2.0111332E-04) 1.5780822E+00
(-5.5662090E-02, -3.2120808E-02) (-7.4154028E-04, 1.6771629E-04) 1.5567568E+00
(-4.7884914E-02, -2.7553936E-02) (-6.4715349E-04, 1.3989368E-04) 1.5360000E+00
(-4.1192578E-02, -2.3630900E-02) (-5.6765043E-04, 1.1671000E-04) 1.5157895E+00
(-3.5436318E-02, -2.0261887E-02) (-5.0055130E-04, 9.7387616E-05) 1.4961039E+00
(-3.0487242E-02, -1.7369441E-02) (-4.4379698E-04, 8.1280001E-05) 1.4769231E+00
(-2.6233782E-02, -1.4886798E-02) (-3.9567707E-04, 6.7849482E-05) 1.4582278E+00
(-2.2579445E-02, -1.2756433E-02) (-3.5477030E-04, 5.6648812E-05) 1.4400000E+00
(-1.9440848E-02, -1.0928802E-02) (-3.1989511E-04, 4.7305878E-05) 1.4222222E+00
(-1.6745987E-02, -9.3612506E-03) (-2.9006884E-04, 3.9511000E-05) 1.4048780E+00
(-1.4432729E-02, -8.0170725E-03) (-2.6447382E-04, 3.3006399E-05) 1.3879518E+00
(-1.2447494E-02, -6.8646879E-03) (-2.4242933E-04, 2.7577452E-05) 1.3714286E+00
(-1.0744105E-02, -5.8769388E-03) (-2.2336836E-04, 2.3045419E-05) 1.3552941E+00
(-9.2827903E-03, -5.0304766E-03) (-2.0681832E-04, 1.9261419E-05) 1.3395349E+00
(-8.0293116E-03, -4.3052346E-03) (-1.9238507E-04, 1.6101407E-05) 1.3241379E+00
(-6.9542104E-03, -3.6839716E-03) (-1.7973966E-04, 1.3462012E-05) 1.3090909E+00
(-6.0321527E-03, -3.1518781E-03) (-1.6860737E-04, 1.1257073E-05) 1.2943820E+00
(-5.2413618E-03, -2.6962374E-03) (-1.5875854E-04, 9.4147586E-06) 1.2800000E+00
(-4.5631268E-03, -2.3061321E-03) (-1.5000104E-04, 7.8751685E-06) 1.2659341E+00
(-3.9813779E-03, -1.9721925E-03) (-1.4217397E-04, 6.5883452E-06) 1.2521739E+00
(-3.4823188E-03, -1.6863788E-03) (-1.3514242E-04, 5.5126134E-06) 1.2387097E+00
(-3.0541097E-03, -1.4417941E-03) (-1.2879319E-04, 4.6132004E-06) 1.2255319E+00
(-2.6865935E-03, -1.2325234E-03) (-1.2303112E-04, 3.8610875E-06) 1.2126316E+00
(-2.3710593E-03, -1.0534948E-03) (-1.1777613E-04, 3.2320528E-06) 1.2000000E+00
(-2.1000393E-03, -9.0036026E-04) (-1.1296073E-04, 2.7058749E-06) 1.1876289E+00
(-1.8671331E-03, -7.6939309E-04) (-1.0852794E-04, 2.2656690E-06) 1.1755102E+00
(-1.6668566E-03, -6.5739987E-04) (-1.0442955E-04, 1.8973337E-06) 1.1636364E+00
(-1.4945126E-03, -5.6164459E-04) (-1.0062473E-04, 1.5890902E-06) 1.1520000E+00
(-1.3460784E-03, -4.7978360E-04) (-9.7078770E-05, 1.3310980E-06) 1.1405941E+00
(-1.2181101E-03, -4.0980972E-04) (-9.3762135E-05, 1.1151345E-06) 1.1294118E+00
(-1.1076600E-03, -3.5000423E-04) (-9.0649613E-05, 9.3432798E-07) 1.1184466E+00
(-1.0122053E-03, -2.9889566E-04) (-8.7719625E-05, 7.8293461E-07) 1.1076923E+00
(-9.2958777E-04, -2.5522445E-04) (-8.4953644E-05, 6.5615256E-07) 1.0971429E+00
(-8.5796110E-04, -2.1791259E-04) (-8.2335719E-05, 5.4996689E-07) 1.0867925E+00
(-7.9574614E-04, -1.8603761E-04) (-7.9852062E-05, 4.6102009E-07) 1.0766355E+00
(-7.4159246E-04, -1.5881025E-04) (-7.7490721E-05, 3.8650399E-07) 1.0666667E+00
(-6.9434539E-04, -1.3555533E-04) (-7.5241291E-05, 3.2406952E-07) 1.0568807E+00
(-6.5301772E-04, -1.1569534E-04) (-7.3094677E-05, 2.7175135E-07) 1.0472727E+00
(-6.1676552E-04, -9.8736382E-05) (-7.1042903E-05, 2.2790500E-07) 1.0378378E+00
(-5.8486737E-04, -8.4256126E-05) (-6.9078938E-05, 1.9115423E-07) 1.0285714E+00
(-5.5670664E-04, -7.1893483E-05) (-6.7196561E-05, 1.6034712E-07) 1.0194690E+00
(-5.3175624E-04, -6.1339768E-05) (-6.5390245E-05, 1.3451942E-07) 1.0105263E+00
(-5.0956567E-04, -5.2331127E-05) (-6.3655052E-05, 1.1286381E-07) 1.0017391E+00
(-4.8974981E-04, -4.4642052E-05) (-6.1986558E-05, 9.4704288E-08) 9.9310345E-01
(-4.7197947E-04, -3.8079835E-05) (-6.0380778E-05, 7.9474759E-08) 9.8461538E-01
(-4.5597321E-04, -3.2479814E-05) (-5.8834107E-05, 6.6701070E-08) 9.7627119E-01
(-4.4149039E-04, -2.7701307E-05) (-5.7343273E-05, 5.5986044E-08) 9.6806723E-01
(-4.2832520E-04, -2.3624135E-05) (-5.5905289E-05, 4.6996940E-08) 9.6000000E-01
(-4.1630160E-04, -2.0145644E-05) (-5.4517424E-05, 3.9454961E-08) 9.5206612E-01
(-4.0526897E-04, -1.7178160E-05) (-5.3177165E-05, 3.3126483E-08) 9.4426230E-01
(-3.9509836E-04, -1.4646808E-05) (-5.1882198E-05, 2.7815711E-08) 9.3658537E-01
(-3.8567938E-04, -1.2487651E-05) (-5.0630380E-05, 2.3358533E-08) 9.2903226E-01
(-3.7691744E-04, -1.0646102E-05) (-4.9419721E-05, 1.9617381E-08) 9.2160000E-01
(-3.6873147E-04, -9.0755523E-06) (-4.8248370E-05, 1.6476919E-08) 9.1428571E-01
(-3.6105192E-04, -7.7362181E-06) (-4.7114598E-05, 1.3840443E-08) 9.0708661E-01
(-3.5381910E-04, -6.5941386E-06) (-4.6016787E-05, 1.1626862E-08) 9.0000000E-01
(-3.4698172E-04, -5.6203285E-06) (-4.4953419E-05, 9.7681661E-09) 8.9302326E-01
(-3.4049567E-04, -4.7900505E-06) (-4.3923067E-05, 8.2073152E-09) 8.8615385E-01
(-3.3432299E-04, -4.0821951E-06) (-4.2924387E-05, 6.8964605E-09) 8.7938931E-01
(-3.2843095E-04, -3.4787498E-06) (-4.1956109E-05, 5.7954612E-09) 8.7272727E-01
225.000000
(1.5798207E+00, -2.2952836E+01) (-3.5660814E-01, 8.8864709E-02) 4.7912843E+00
(1.5816594E+00, -2.2946657E+01) (-3.6275144E-01, 9.0162339E-02) 4.7925131E+00
(1.5906963E+00, -2.2928947E+01) (-3.6889475E-01, 9.1459968E-02) 4.7912843E+00
(1.6060010E+00, -2.2899157E+01) (-3.7724559E-01, 9.3432204E-02) 4.7875979E+00
(1.6272862E+00, -2.2856712E+01) (-3.8859296E-01, 9.6169207E-02) 4.7814539E+00
(1.6541193E+00, -2.2800802E+01) (-4.0317990E-01, 9.9709348E-02) 4.7728523E+00
(1.6858934E+00, -2.2730381E+01) (-4.2117016E-01, 1.0408494E-01) 4.7617931E+00
(1.7217893E+00, -2.2644169E+01) (-4.4271180E-01, 1.0932818E-01) 4.7482763E+00
(1.7607296E+00, -2.2540650E+01) (-4.6794515E-01, 1.1547080E-01) 4.7323019E+00
(1.8013254E+00, -2.2418082E+01) (-4.9699584E-01, 1.2254172E-01) 4.7138699E+00
(1.8418167E+00, -2.2274509E+01) (-5.2996025E-01, 1.3056344E-01) 4.6929803E+00
(1.8800079E+00, -2.2107784E+01) (-5.6688499E-01, 1.3954729E-01) 4.6696331E+00
(1.9132016E+00, -2.1915602E+01) (-6.0774059E-01, 1.4948755E-01) 4.6438283E+00
(1.9381332E+00, -2.1695548E+01) (-6.5238961E-01, 1.6035446E-01) 4.6155659E+00
(1.9509124E+00, -2.1445164E+01) (-7.0054967E-01, 1.7208638E-01) 4.5848459E+00
(1.9469765E+00, -2.1162027E+01) (-7.5175303E-01, 1.8458139E-01) 4.5516683E+00
(1.9210651E+00, -2.0843846E+01) (-8.0530550E-01, 1.9768910E-01) 4.5160331E+00
(1.8672305E+00, -2.0488572E+01) (-8.6024957E-01, 2.1120362E-01) 4.4779403E+00
(1.7789004E+00, -2.0094507E+01) (-9.1533814E-01, 2.2485909E-01) 4.4373899E+00
(1.6490233E+00, -1.9660412E+01) (-9.6902749E-01, 2.3832913E-01) 4.3943819E+00
(1.4703324E+00, -1.9185599E+01) (-1.0194986E+00, 2.5123194E-01) 4.3489163E+00
(1.2357734E+00, -1.8669988E+01) (-1.0647161E+00, 2.6314203E-01) 4.3009931E+00
(9.3913882E-01, -1.8114133E+01) (-1.1025290E+00, 2.7360903E-01) 4.2506123E+00
(5.7593215E-01, -1.7519210E+01) (-1.1308155E+00, 2.8218284E-01) 4.1977739E+00
(1.4443214E-01, -1.6886973E+01) (-1.1476592E+00, 2.8844317E-01) 4.1424779E+00
(-3.5314809E-01, -1.6219698E+01) (-1.1515412E+00, 2.9203018E-01) 4.0847243E+00
(-9.0961111E-01, -1.5520133E+01) (-1.1415190E+00, 2.9267284E-01) 4.0245131E+00
(-1.5121137E+00, -1.4791475E+01) (-1.1173610E+00, 2.9021144E-01) 3.9618443E+00
(-2.1421871E+00, -1.4037385E+01) (-1.0796111E+00, 2.8461203E-01) 3.8967179E+00
(-2.7766432E+00, -1.3262029E+01) (-1.0295640E+00, 2.7597180E-01) 3.8291339E+00
(-3.3893850E+00, -1.2470139E+01) (-9.6915324E-01, 2.6451530E-01) 3.7590923E+00
(-3.9538980E+00, -1.1667060E+01) (-9.0076868E-01, 2.5058260E-01) 3.6865931E+00
(-4.4459941E+00, -1.0858759E+01) (-8.2703345E-01, 2.3460989E-01) 3.6116363E+00
(-4.8462912E+00, -1.0051770E+01) (-7.5057737E-01, 2.1710346E-01) 3.5342219E+00
(-5.1419732E+00, -9.2530653E+00) (-6.7383874E-01, 1.9860847E-01) 3.4543499E+00
(-5.3275800E+00, -8.4698420E+00) (-5.9891736E-01, 1.7967442E-01) 3.3720203E+00
(-5.4047063E+00, -7.7092428E+00) (-5.2749459E-01, 1.6082106E-01) 3.2872331E+00
(-5.3810136E+00, -6.9780056E+00) (-4.6074764E-01, 1.4250668E-01) 3.1999883E+00
(-5.2689759E+00, -6.2820861E+00) (-3.9941004E-01, 1.2510734E-01) 3.1135135E+00
(-5.0836898E+00, -5.6264680E+00) (-3.4394725E-01, 1.0890614E-01) 3.0315789E+00
(-4.8409922E+00, -5.0149648E+00) (-2.9450371E-01, 9.4087783E-02) 2.9538462E+00
(-4.5565958E+00, -4.4500085E+00) (-2.5091980E-01, 8.0745599E-02) 2.8800000E+00
(-4.2450835E+00, -3.9326801E+00) (-2.1287526E-01, 6.8896410E-02) 2.8097561E+00
(-3.9192020E+00, -3.4628183E+00) (-1.7994289E-01, 5.8497170E-02) 2.7428571E+00
(-3.5895797E+00, -3.0392033E+00) (-1.5163825E-01, 4.9462259E-02) 2.6790698E+00
(-3.2646737E+00, -2.6597812E+00) (-1.2745771E-01, 4.1679284E-02) 2.6181818E+00
(-2.9508902E+00, -2.3218958E+00) (-1.0690559E-01, 3.5022209E-02) 2.5600000E+00
(-2.6528089E+00, -2.0225064E+00) (-8.9512220E-02, 2.9361410E-02) 2.5043478E+00
(-2.3734556E+00, -1.7583741E+00) (-7.4844860E-02, 2.4570754E-02) 2.4510638E+00
(-2.1145866E+00, -1.5262130E+00) (-6.2513124E-02, 2.0532150E-02) 2.4000000E+00
(-1.8769575E+00, -1.3228026E+00) (-5.2170623E-02, 1.7138092E-02) 2.3510204E+00
(-1.6605638E+00, -1.1450674E+00) (-4.3513993E-02, 1.4292750E-02) 2.3040000E+00
(-1.4648465E+00, -9.9012825E-01) (-3.6280320E-02, 1.1912058E-02) 2.2588235E+00
(-1.2888610E+00, -8.5533103E-01) (-3.0243666E-02, 9.9231675E-03) 2.2153846E+00
(-1.1314127E+00, -7.3825859E-01) (-2.5211193E-02, 8.2635532E-03) 2.1735849E+00
(-9.9116199E-01, -6.3673095E-01) (-2.1019234E-02, 6.8799451E-03) 2.1333333E+00
(-8.6670377E-01, -5.4879729E-01) (-1.7529509E-02, 5.7272189E-03) 2.0945455E+00
(-7.5662585E-01, -4.7272288E-01) (-1.4625622E-02, 4.7673222E-03) 2.0571429E+00
(-6.5955030E-01, -4.0697306E-01) (-1.2209895E-02, 3.9682778E-03) 2.0210526E+00
(-5.7416140E-01, -3.5019593E-01) (-1.0200556E-02, 3.3032874E-03) 1.9862069E+00
(-4.9922345E-01, -3.0120478E-01) (-8.5292914E-03, 2.7499394E-03) 1.9525424E+00
(-4.3359083E-01, -2.5896098E-01) (-7.1391168E-03, 2.2895221E-03) 1.9200000E+00
(-3.7621242E-01, -2.2255774E-01) (-5.9825632E-03, 1.9064318E-03) 1.8885246E+00
(-3.2613191E-01, -1.9120504E-01) (-5.0201269E-03, 1.5876695E-03) 1.8580645E+00
(-2.8248533E-01, -1.6421583E-01) (-4.2189596E-03, 1.3224132E-03) 1.8285714E+00
(-2.4449673E-01, -1.4099356E-01) (-3.5517633E-03, 1.1016585E-03) 1.8000000E+00
(-2.1147261E-01, -1.2102093E-01) (-2.9958633E-03, 9.1791582E-04) 1.7723077E+00
(-1.8279585E-01, -1.0384990E-01) (-2.5324308E-03, 7.6495729E-04) 1.7454545E+00
(-1.5791929E-01, -8.9092798E-02) (-2.1458344E-03, 6.3760487E-04) 1.7194030E+00
(-1.3635930E-01, -7.6414539E-02) (-1.8230981E-03, 5.3155375E-04) 1.6941176E+00
(-1.1768965E-01, -6.5525681E-02) (-1.5534514E-03, 4.4322518E-04) 1.6695652E+00
(-1.0153558E-01, -5.6176411E-02) (-1.3279537E-03, 3.6964382E-04) 1.6457143E+00
(-8.7568308E-02, -4.8151258E-02) (-1.1391828E-03, 3.0833589E-04) 1.6225352E+00
(-7.5499962E-02, -4.1264482E-02) (-9.8097681E-04, 2.5724436E-04) 1.6000000E+00
(-6.5078902E-02, -3.5356057E-02) (-8.4821854E-04, 2.1465853E-04) 1.5780822E+00
(-5.6085520E-02, -3.0288179E-02) (-7.3665803E-04, 1.7915548E-04) 1.5567568E+00
(-4.8328428E-02, -2.5942235E-02) (-6.4276452E-04, 1.4955150E-04) 1.5360000E+00
(-4.1641047E-02, -2.2216175E-02) (-5.6360400E-04, 1.2486166E-04) 1.5157895E+00
(-3.5878563E-02, -1.9022228E-02) (-4.9673760E-04, 1.0426631E-04) 1.4961039E+00
(-3.0915213E-02, -1.6284935E-02) (-4.4013743E-04, 8.7083185E-05) 1.4769231E+00
(-2.6641896E-02, -1.3939443E-02) (-3.9211668E-04, 7.2744262E-05) 1.4582278E+00
(-2.2964044E-02, -1.1930033E-02) (-3.5127174E-04, 6.0776558E-05) 1.4400000E+00
(-1.9799760E-02, -1.0208845E-02) (-3.1643419E-04, 5.0786130E-05) 1.4222222E+00
(-1.7078176E-02, -8.7347826E-03) (-2.8663098E-04, 4.2444805E-05) 1.4048780E+00
(-1.4738013E-02, -7.4725677E-03) (-2.6105134E-04, 3.5479142E-05) 1.3879518E+00
(-1.2726319E-02, -6.3919222E-03) (-2.3901944E-04, 2.9661259E-05) 1.3714286E+00
(-1.0997369E-02, -5.4668669E-03) (-2.1997159E-04, 2.4801200E-05) 1.3552941E+00
(-9.5116989E-03, -4.6751156E-03) (-2.0343738E-04, 2.0740597E-05) 1.3395349E+00
(-8.2352731E-03, -3.9975550E-03) (-1.8902399E-04, 1.7347385E-05) 1.3241379E+00
(-7.1387496E-03, -3.4177954E-03) (-1.7640318E-04, 1.4511418E-05) 1.3090909E+00
(-6.1968472E-03, -2.9217866E-03) (-1.6530048E-04, 1.2140808E-05) 1.2943820E+00
(-5.3877941E-03, -2.4974851E-03) (-1.5548618E-04, 1.0158885E-05) 1.2800000E+00
(-4.6928489E-03, -2.1345704E-03) (-1.4676789E-04, 8.5016684E-06) 1.2659341E+00
(-4.0958860E-03, -1.8241994E-03) (-1.3898430E-04, 7.1157526E-06) 1.2521739E+00
(-3.5830365E-03, -1.5587967E-03) (-1.3200005E-04, 5.9565530E-06) 1.2387097E+00
(-3.1423767E-03, -1.3318735E-03) (-1.2570143E-04, 4.9868425E-06) 1.2255319E+00
(-2.7636594E-03, -1.1378730E-03) (-1.1999274E-04, 4.1755313E-06) 1.2126316E+00
(-2.4380811E-03, -9.7203727E-04) (-1.1479343E-04, 3.4966512E-06) 1.2000000E+00
(-2.1580812E-03, -8.3029271E-04) (-1.1003552E-04, 2.9285079E-06) 1.1876289E+00
(-1.9171686E-03, -7.0915247E-04) (-1.0566157E-04, 2.4529748E-06) 1.1755102E+00
(-1.7097724E-03, -6.0563220E-04) (-1.0162299E-04, 2.0549035E-06) 1.1636364E+00
(-1.5311122E-03, -5.1717803E-04) (-9.7878563E-05, 1.7216330E-06) 1.1520000E+00
(-1.3770877E-03, -4.4160477E-04) (-9.4393269E-05, 1.4425791E-06) 1.1405941E+00
(-1.2441825E-03, -3.7704292E-04) (-9.1137287E-05, 1.2088928E-06) 1.1294118E+00
(-1.1293816E-03, -3.2189329E-04) (-8.8085155E-05, 1.0131745E-06) 1.1184466E+00
(-1.0301009E-03, -2.7478809E-04) (-8.5215083E-05, 8.4923550E-07) 1.1076923E+00
(-9.4412556E-04, -2.3455755E-04) (-8.2508364E-05, 7.1189960E-07) 1.0971429E+00
(-8.6955804E-04, -2.0020143E-04) (-7.9948896E-05, 5.9683640E-07) 1.0867925E+00
(-8.0477271E-04, -1.7086450E-04) (-7.7522769E-05, 5.0042277E-07) 1.0766355E+00
(-7.4837718E-04, -1.4581563E-04) (-7.5217926E-05, 4.1962690E-07) 1.0666667E+00
(-6.9917900E-04, -1.2442982E-04) (-7.3023882E-05, 3.5191143E-07) 1.0568807E+00
(-6.5615708E-04, -1.0617290E-04) (-7.0931482E-05, 2.9515254E-07) 1.0472727E+00
(-6.1843715E-04, -9.0588340E-05) (-6.8932700E-05, 2.4757235E-07) 1.0378378E+00
(-5.8527074E-04, -7.7286012E-05) (-6.7020474E-05, 2.0768233E-07) 1.0285714E+00
(-5.5601711E-04, -6.5932576E-05) (-6.5188561E-05, 1.7423609E-07) 1.0194690E+00
(-5.3012776E-04, -5.6243236E-05) (-6.3431422E-05, 1.4618986E-07) 1.0105263E+00
(-5.0713315E-04, -4.7974692E-05) (-6.1744116E-05, 1.2266943E-07) 1.0017391E+00
(-4.8663138E-04, -4.0919117E-05) (-6.0122223E-05, 1.0294252E-07) 9.9310345E-01
(-4.6827836E-04, -3.4899000E-05) (-5.8561768E-05, 8.6395681E-08) 9.8461538E-01
(-4.5177953E-04, -2.9762739E-05) (-5.7059162E-05, 7.2514943E-08) 9.7627119E-01
(-4.3688268E-04, -2.5380867E-05) (-5.5611150E-05, 6.0869632E-08) 9.6806723E-01
(-4.2337183E-04, -2.1642836E-05) (-5.4214769E-05, 5.1098835E-08) 9.6000000E-01
(-4.1106200E-04, -1.8454252E-05) (-5.2867311E-05, 4.2900066E-08) 9.5206612E-01
(-3.9979470E-04, -1.5734531E-05) (-5.1566292E-05, 3.6019779E-08) 9.4426230E-01
(-3.8943411E-04, -1.3414875E-05) (-5.0309425E-05, 3.0245430E-08) 9.3658537E-01
(-3.7986381E-04, -1.1436559E-05) (-4.9094595E-05, 2.5398825E-08) 9.2903226E-01
(-3.7098395E-04, -9.7494572E-06) (-4.7919843E-05, 2.1330555E-08) 9.2160000E-01
(-3.6270884E-04, -8.3107890E-06) (-4.6783349E-05, 1.7915333E-08) 9.1428571E-01
(-3.5496492E-04, -7.0840435E-06) (-4.5683414E-05, 1.5048090E-08) 9.0708661E-01
(-3.4768899E-04, -6.0380640E-06) (-4.4618450E-05, 1.2640702E-08) 9.0000000E-01
(-3.4082671E-04, -5.1462648E-06) (-4.3586970E-05, 1.0619250E-08) 8.9302326E-01
(-3.3433133E-04, -4.3859616E-06) (-4.2587577E-05, 8.9217278E-09) 8.8615385E-01
(-3.2816257E-04, -3.7378011E-06) (-4.1618955E-05, 7.4961129E-09) 8.7938931E-01
(-3.2228570E-04, -3.1852722E-06) (-4.0679865E-05, 6.2987576E-09) 8.7272727E-01
250.000000
(5.0665490E+00, -2.4837946E+01) (-3.4523889E-01, 9.3725712E-02) 4.7912843E+00
(5.0676243E+00, -2.4831443E+01) (-3.5109435E-01, 9.5060710E-02) 4.7925131E+00
(5.0741981E+00, -2.4812812E+01) (-3.5694982E-01, 9.6395708E-02) 4.7912843E+00
(5.0852992E+00, -2.4781460E+01) (-3.6489683E-01, 9.8431082E-02) 4.7875979E+00
(5.1005146E+00, -2.4736763E+01) (-3.7568871E-01, 1.0125625E-01) 4.7814539E+00
(5.1192328E+00, -2.4677846E+01) (-3.8955355E-01, 1.0490895E-01) 4.7728523E+00
(5.1406112E+00, -2.4603573E+01) (-4.0664208E-01, 1.0942062E-01) 4.7617931E+00
(5.1635350E+00, -2.4512553E+01) (-4.2708845E-01, 1.1482224E-01) 4.7482763E+00
(5.1865665E+00, -2.4403136E+01) (-4.5101796E-01, 1.2114389E-01) 4.7323019E+00
(5.2078884E+00, -2.4273418E+01) (-4.7854037E-01, 1.2841223E-01) 4.7138699E+00
(5.2252396E+00, -2.4121253E+01) (-5.0973614E-01, 1.3664680E-01) 4.6929803E+00
(5.2358496E+00, -2.3944274E+01) (-5.4463711E-01, 1.4585509E-01) 4.6696331E+00
(5.2363715E+00, -2.3739927E+01) (-5.8320187E-01, 1.5602658E-01) 4.6438283E+00
(5.2228220E+00, -2.3505512E+01) (-6.2528599E-01, 1.6712561E-01) 4.6155659E+00
(5.1905318E+00, -2.3238253E+01) (-6.7060788E-01, 1.7908346E-01) 4.5848459E+00
(5.1341189E+00, -2.2935374E+01) (-7.1871164E-01, 1.9178998E-01) 4.5516683E+00
(5.0474934E+00, -2.2594196E+01) (-7.6892972E-01, 2.0508542E-01) 4.5160331E+00
(4.9239116E+00, -2.2212245E+01) (-8.2034989E-01, 2.1875367E-01) 4.4779403E+00
(4.7561003E+00, -2.1787372E+01) (-8.7179256E-01, 2.3251794E-01) 4.4373899E+00
(4.5364780E+00, -2.1317860E+01) (-9.2180612E-01, 2.4604077E-01) 4.3943819E+00
(4.2575085E+00, -2.0802526E+01) (-9.6868897E-01, 2.5892955E-01) 4.3489163E+00
(3.9122215E+00, -2.0240801E+01) (-1.0105457E+00, 2.7074893E-01) 4.3009931E+00
(3.4949299E+00, -1.9632783E+01) (-1.0453824E+00, 2.8104036E-01) 4.2506123E+00
(3.0021464E+00, -1.8979256E+01) (-1.0712405E+00, 2.8934812E-01) 4.1977739E+00
(2.4336507E+00, -1.8281708E+01) (-1.0863596E+00, 2.9524968E-01) 4.1424779E+00
(1.7935856E+00, -1.7542333E+01) (-1.0893528E+00, 2.9838745E-01) 4.0847243E+00
(1.0913751E+00, -1.6764056E+01) (-1.0793695E+00, 2.9849798E-01) 4.0245131E+00
(3.4220099E-01, -1.5950582E+01) (-1.0562170E+00, 2.9543524E-01) 3.9618443E+00
(-4.3322229E-01, -1.5106459E+01) (-1.0204167E+00, 2.8918521E-01) 3.8967179E+00
(-1.2097384E+00, -1.4237142E+01) (-9.7317993E-01, 2.7987052E-01) 3.8291339E+00
(-1.9596826E+00, -1.3349018E+01) (-9.1630469E-01, 2.6774498E-01) 3.7590923E+00
(-2.6554164E+00, -1.2449367E+01) (-8.5200736E-01, 2.5317880E-01) 3.6865931E+00
(-3.2720358E+00, -1.1546219E+01) (-7.8271890E-01, 2.3663565E-01) 3.6116363E+00
(-3.7897640E+00, -1.0648122E+01) (-7.1087729E-01, 2.1864320E-01) 3.5342219E+00
(-4.1956027E+00, -9.7638247E+00) (-6.3874584E-01, 1.9975915E-01) 3.4543499E+00
(-4.4840281E+00, -8.9019085E+00) (-5.6827782E-01, 1.8053562E-01) 3.3720203E+00
(-4.6566284E+00, -8.0704107E+00) (-5.0104254E-01, 1.6148560E-01) 3.2872331E+00
(-4.7210835E+00, -7.2764571E+00) (-4.3814246E-01, 1.4305349E-01) 3.1999883E+00
(-4.6899027E+00, -6.5259351E+00) (-3.8026954E-01, 1.2559729E-01) 3.1135135E+00
(-4.5782686E+00, -5.8234064E+00) (-3.2787172E-01, 1.0938101E-01) 3.0315789E+00
(-4.4021753E+00, -5.1720320E+00) (-2.8109769E-01, 9.4571883E-02) 2.9538462E+00
(-4.1775597E+00, -4.5734778E+00) (-2.3980920E-01, 8.1248994E-02) 2.8800000E+00
(-3.9193018E+00, -4.0280371E+00) (-2.0371670E-01, 6.9418897E-02) 2.8097561E+00
(-3.6405148E+00, -3.5348022E+00) (-1.7242871E-01, 5.9032144E-02) 2.7428571E+00
(-3.3522493E+00, -3.0918803E+00) (-1.4549818E-01, 4.9999973E-02) 2.6790698E+00
(-3.0634229E+00, -2.6966287E+00) (-1.2245803E-01, 4.2209281E-02) 2.6181818E+00
(-2.7809232E+00, -2.3458826E+00) (-1.0284681E-01, 3.5534916E-02) 2.5600000E+00
(-2.5098140E+00, -2.0361633E+00) (-8.6225916E-02, 2.9849010E-02) 2.5043478E+00
(-2.2535948E+00, -1.7638526E+00) (-7.2190076E-02, 2.5027520E-02) 2.4510638E+00
(-2.0144735E+00, -1.5253338E+00) (-6.0372775E-02, 2.0954422E-02) 2.4000000E+00
(-1.7936273E+00, -1.3170965E+00) (-5.0448043E-02, 1.7524045E-02) 2.3510204E+00
(-1.5914392E+00, -1.1358101E+00) (-4.2129784E-02, 1.4642059E-02) 2.3040000E+00
(-1.4077007E+00, -9.7837155E-01) (-3.5169548E-02, 1.2225547E-02) 2.2588235E+00
(-1.2417806E+00, -8.4193110E-01) (-2.9353413E-02, 1.0202484E-02) 2.2153846E+00
(-1.0927616E+00, -7.2390202E-01) (-2.4498468E-02, 8.5108875E-03) 2.1735849E+00
(-9.5954753E-01, -6.2195883E-01) (-2.0449199E-02, 7.0978000E-03) 2.1333333E+00
(-8.4094510E-01, -5.3402725E-01) (-1.7073995E-02, 5.9182357E-03) 2.0945455E+00
(-7.3572538E-01, -4.5826907E-01) (-1.4261896E-02, 4.9341521E-03) 2.0571429E+00
(-6.4266804E-01, -3.9306408E-01) (-1.1919642E-02, 4.1134918E-03) 2.0210526E+00
(-5.6059233E-01, -3.3699062E-01) (-9.9690445E-03, 3.4293172E-03) 1.9862069E+00
(-4.8837755E-01, -2.8880593E-01) (-8.3446844E-03, 2.8590425E-03) 1.9525424E+00
(-4.2497575E-01, -2.4742708E-01) (-6.9919187E-03, 2.3837635E-03) 1.9200000E+00
(-3.6941843E-01, -2.1191293E-01) (-5.8651646E-03, 1.9876791E-03) 1.8885246E+00
(-3.2081898E-01, -1.8144738E-01) (-4.9264372E-03, 1.6575958E-03) 1.8580645E+00
(-2.7837204E-01, -1.5532412E-01) (-4.1441095E-03, 1.3825063E-03) 1.8285714E+00
(-2.4135081E-01, -1.3293284E-01) (-3.4918646E-03, 1.1532330E-03) 1.8000000E+00
(-2.0910292E-01, -1.1374693E-01) (-2.9478149E-03, 9.6212752E-04) 1.7723077E+00
(-1.8104556E-01, -9.7312495E-02) (-2.4937625E-03, 8.0281766E-04) 1.7454545E+00
(-1.5666012E-01, -8.3238765E-02) (-2.1145812E-03, 6.6999594E-04) 1.7194030E+00
(-1.3548670E-01, -7.1189570E-02) (-1.7976990E-03, 5.5924225E-04) 1.6941176E+00
(-1.1711870E-01, -6.0875946E-02) (-1.5326681E-03, 4.6687579E-04) 1.6695652E+00
(-1.0119758E-01, -5.2049662E-02) (-1.3108055E-03, 3.8983142E-04) 1.6457143E+00
(-8.7407949E-02, -4.4497604E-02) (-1.1248946E-03, 3.2555669E-04) 1.6225352E+00
(-7.5472905E-02, -3.8036898E-02) (-9.6893672E-04, 2.7192590E-04) 1.6000000E+00
(-6.5149817E-02, -3.2510685E-02) (-8.3794483E-04, 2.2716860E-04) 1.5780822E+00
(-5.6226434E-02, -2.7784475E-02) (-7.2777210E-04, 1.8981006E-04) 1.5567568E+00
(-4.8517356E-02, -2.3742995E-02) (-6.3496955E-04, 1.5862170E-04) 1.5360000E+00
(-4.1860861E-02, -2.0287473E-02) (-5.5666789E-04, 1.3257987E-04) 1.5157895E+00
(-3.6116061E-02, -1.7333302E-02) (-4.9047935E-04, 1.1083149E-04) 1.4961039E+00
(-3.1160352E-02, -1.4808023E-02) (-4.3441629E-04, 9.2665563E-05) 1.4769231E+00
(-2.6887160E-02, -1.2649596E-02) (-3.8682356E-04, 7.7489354E-05) 1.4582278E+00
(-2.3203930E-02, -1.0804913E-02) (-3.4632238E-04, 6.4808663E-05) 1.4400000E+00
(-2.0030355E-02, -9.2285197E-03) (-3.1176374E-04, 5.4211356E-05) 1.4222222E+00
(-1.7296819E-02, -7.8815208E-03) (-2.8218969E-04, 4.5353676E-05) 1.4048780E+00
(-1.4943011E-02, -6.7306366E-03) (-2.5680122E-04, 3.7948842E-05) 1.3879518E+00
(-1.2916728E-02, -5.7473979E-03) (-2.3493158E-04, 3.1757565E-05) 1.3714286E+00
(-1.1172811E-02, -4.9074534E-03) (-2.1602408E-04, 2.6580143E-05) 1.3552941E+00
(-9.6722223E-03, -4.1899769E-03) (-1.9961364E-04, 2.2249882E-05) 1.3395349E+00
(-8.3812328E-03, -3.5771596E-03) (-1.8531152E-04, 1.8627614E-05) 1.3241379E+00
(-7.2707197E-03, -3.0537738E-03) (-1.7279258E-04, 1.5597131E-05) 1.3090909E+00
(-6.3155497E-03, -2.6068011E-03) (-1.6178463E-04, 1.3061380E-05) 1.2943820E+00
(-5.4940434E-03, -2.2251125E-03) (-1.5205969E-04, 1.0939291E-05) 1.2800000E+00
(-4.7875099E-03, -1.8991954E-03) (-1.4342663E-04, 9.1631322E-06) 1.2659341E+00
(-4.1798421E-03, -1.6209195E-03) (-1.3572505E-04, 7.6763073E-06) 1.2521739E+00
(-3.6571656E-03, -1.3833365E-03) (-1.2882025E-04, 6.4315157E-06) 1.2387097E+00
(-3.2075338E-03, -1.1805090E-03) (-1.2259894E-04, 5.3892198E-06) 1.2255319E+00
(-2.8206648E-03, -1.0073637E-03) (-1.1696576E-04, 4.5163652E-06) 1.2126316E+00
(-2.4877117E-03, -8.5956597E-04) (-1.1184034E-04, 3.7853135E-06) 1.2000000E+00
(-2.2010659E-03, -7.3341285E-04) (-1.0715481E-04, 3.1729509E-06) 1.1876289E+00
(-1.9541855E-03, -6.2574096E-04) (-1.0285183E-04, 2.6599449E-06) 1.1755102E+00
(-1.7414477E-03, -5.3384824E-04) (-9.8882823E-05, 2.2301230E-06) 1.1636364E+00
(-1.5580209E-03, -4.5542680E-04) (-9.5206574E-05, 1.8699546E-06) 1.1520000E+00
(-1.3997550E-03, -3.8850556E-04) (-9.1788060E-05, 1.5681171E-06) 1.1405941E+00
(-1.2630858E-03, -3.3140125E-04) (-8.8597441E-05, 1.3151349E-06) 1.1294118E+00
(-1.1449533E-03, -2.8267646E-04) (-8.5609238E-05, 1.1030766E-06) 1.1184466E+00
(-1.0427310E-03, -2.4110381E-04) (-8.2801641E-05, 9.2530281E-07) 1.1076923E+00
(-9.5416483E-04, -2.0563534E-04) (-8.0155928E-05, 7.7625449E-07) 1.0971429E+00
(-8.7732088E-04, -1.7537634E-04) (-7.7655983E-05, 6.5127691E-07) 1.0867925E+00
(-8.1054026E-04, -1.4956299E-04) (-7.5287888E-05, 5.4647190E-07) 1.0766355E+00
(-7.5240015E-04, -1.2754323E-04) (-7.3039586E-05, 4.5857449E-07) 1.0666667E+00
(-7.0168046E-04, -1.0876050E-04) (-7.0900593E-05, 3.8484971E-07) 1.0568807E+00
(-6.5733509E-04, -9.2739706E-05) (-6.8861762E-05, 3.2300630E-07) 1.0472727E+00
(-6.1846720E-04, -7.9075378E-05) (-6.6915079E-05, 2.7112448E-07) 1.0378378E+00
(-5.8430800E-04, -6.7421460E-05) (-6.5053499E-05, 2.2759555E-07) 1.0285714E+00
(-5.5419855E-04, -5.7482626E-05) (-6.3270799E-05, 1.9107130E-07) 1.0194690E+00
(-5.2757407E-04, -4.9006862E-05) (-6.1561462E-05, 1.6042175E-07) 1.0105263E+00
(-5.0395049E-04, -4.1779120E-05) (-5.9920575E-05, 1.3469967E-07) 1.0017391E+00
(-4.8291297E-04, -3.5615909E-05) (-5.8343745E-05, 1.1311097E-07) 9.9310345E-01
(-4.6410594E-04, -3.0360671E-05) (-5.6827029E-05, 9.4989873E-08) 9.8461538E-01
(-4.4722464E-04, -2.5879837E-05) (-5.5366867E-05, 7.9778107E-08) 9.7627119E-01
(-4.3200785E-04, -2.2059455E-05) (-5.3960038E-05, 6.7007506E-08) 9.6806723E-01
(-4.1823162E-04, -1.8802315E-05) (-5.2603613E-05, 5.6285430E-08) 9.6000000E-01
(-4.0570391E-04, -1.6025493E-05) (-5.1294918E-05, 4.7282542E-08) 9.5206612E-01
(-3.9426006E-04, -1.3658256E-05) (-5.0031503E-05, 3.9722581E-08) 9.4426230E-01
(-3.8375880E-04, -1.1640270E-05) (-4.8811114E-05, 3.3373783E-08) 9.3658537E-01
(-3.7407890E-04, -9.9200770E-06) (-4.7631671E-05, 2.8041697E-08) 9.2903226E-01
(-3.6511632E-04, -8.4537896E-06) (-4.6491250E-05, 2.3563161E-08) 9.2160000E-01
(-3.5678169E-04, -7.2039788E-06) (-4.5388063E-05, 1.9801259E-08) 9.1428571E-01
(-3.4899822E-04, -6.1387256E-06) (-4.4320444E-05, 1.6641082E-08) 9.0708661E-01
(-3.4169990E-04, -5.2308109E-06) (-4.3286837E-05, 1.3986191E-08) 9.0000000E-01
(-3.3482993E-04, -4.4570244E-06) (-4.2285787E-05, 1.1755634E-08) 8.9302326E-01
(-3.2833941E-04, -3.7975753E-06) (-4.1315927E-05, 9.8814563E-09) 8.8615385E-01
(-3.2218619E-04, -3.2355890E-06) (-4.0375972E-05, 8.3066087E-09) 8.7938931E-01
(-3.1633390E-04, -2.7566782E-06) (-3.9464711E-05, 6.9831933E-09) 8.7272727E-01
